기간	컬럼1	컬럼2	합계	합계	합계	합계	합계	농업 임업 및 어업	농업 임업 및 어업	광업	광업	제조업	제조업	전기 가스 증기 및 수도사업	전기 가스 증기 및 수도사업	하수 · 폐기물 처리 원료재생 및 환경복원업	하수 · 폐기물 처리 원료재생 및 환경복원업	건설업	건설업	도매 및 소매업	도매 및 소매업	운수업	운수업	숙박 및 음식점업	숙박 및 음식점업	출판 영상 방송통신 및 정보서비스업	출판 영상 방송통신 및 정보서비스업	금융 및 보험업	금융 및 보험업	부동산업 및 임대업	부동산업 및 임대업	전문 과학 및 기술 서비스업	전문 과학 및 기술 서비스업	사업시설관리 및 사업지원 서비스업	사업시설관리 및 사업지원 서비스업	공공행정 국방 및 사회보장 행정	공공행정 국방 및 사회보장 행정	교육 서비스업	교육 서비스업	보건업 및 사회복지 서비스업	보건업 및 사회복지 서비스업	예술 스포츠 및 여가관련 서비스업	예술 스포츠 및 여가관련 서비스업	협회 및 단체 수리  및 기타 개인 서비스업	협회 및 단체 수리  및 기타 개인 서비스업
기간	컬럼1	컬럼2	사업체수	사업체수	종사자수	종사자수	종사자수	사업체수	종사자수	사업체수	종사자수	사업체수	종사자수	사업체수	종사자수	사업체수	종사자수	사업체수	종사자수	사업체수	종사자수	사업체수	종사자수	사업체수	종사자수	사업체수	종사자수	사업체수	종사자수	사업체수	종사자수	사업체수	종사자수	사업체수	종사자수	사업체수	종사자수	사업체수	종사자수	사업체수	종사자수	사업체수	종사자수	사업체수	종사자수
기간	컬럼1	컬럼2	사업체수	여성대표자	계	남	여	사업체수	종사자수	사업체수	종사자수	사업체수	종사자수	사업체수	종사자수	사업체수	종사자수	사업체수	종사자수	사업체수	종사자수	사업체수	종사자수	사업체수	종사자수	사업체수	종사자수	사업체수	종사자수	사업체수	종사자수	사업체수	종사자수	사업체수	종사자수	사업체수	종사자수	사업체수	종사자수	사업체수	종사자수	사업체수	종사자수	사업체수	종사자수
2007	합계	합계	728,614	230,974	4,005,831	2,356,004	1,649,827	17	321	36	293	61,718	346,667	171	13,358	361	5,734	20,013	249,922	213,436	748,406	91,292	233,877	115,265	392,905	12,464	251,024	9,136	232,476	35,863	144,541	23,855	290,648	8,958	283,523	1,319	115,903	28,203	268,993	19,357	186,606	21,054	67,796	66,096	172,838
2007	종로구	계	38,810	11,855	228,570	130,831	97,739	1	5	3	32	4,237	14,627	4	95	4	43	348	8,688	17,108	45,118	1,208	6,192	6,027	22,733	681	14,996	581	19,072	1,147	5,531	1,185	16,696	1,265	22,628	103	17,139	878	12,318	617	10,537	901	4,450	2,512	7,670
2007	종로구	청운동	170	55	2,752	1,383	1,369	-	-	-	-	4	33	-	-	1	6	4	40	33	92	11	11	18	106	4	47	1	6	18	52	8	38	5	16	8	1,263	22	632	5	32	8	327	20	51
2007	종로구	효자동	574	231	1,832	1,007	825	-	-	-	-	34	86	-	-	-	-	13	20	193	390	59	129	71	160	11	133	6	131	28	36	13	143	2	7	4	83	27	68	19	190	12	22	82	234
2007	종로구	사직동	3,522	1,018	45,647	27,602	18,045	1	5	1	8	92	453	-	-	1	17	48	1,453	534	3,506	314	3,075	725	2,970	170	2,582	128	4,603	138	1,332	323	4,263	546	10,980	25	7,140	69	801	72	494	84	1,046	251	919
2007	종로구	삼청동	546	251	3,983	2,239	1,744	-	-	-	-	24	82	-	-	-	-	6	35	190	553	18	42	163	782	12	95	4	19	10	23	23	220	14	102	5	1,056	17	571	10	53	23	172	27	178
2007	종로구	부암동	537	187	2,636	1,416	1,220	-	-	-	-	30	157	-	-	-	-	9	172	127	461	45	51	90	321	9	71	3	29	26	48	17	61	5	19	3	79	47	753	13	60	16	52	97	302
2007	종로구	평창동	611	276	2,736	1,255	1,481	-	-	-	-	12	130	-	-	-	-	26	120	134	479	47	86	145	515	6	72	5	60	38	101	13	112	2	153	2	57	30	220	21	133	22	119	108	379
2007	종로구	무악동	300	138	1,134	456	678	-	-	-	-	7	14	-	-	-	-	7	39	62	187	23	34	64	139	5	27	2	15	25	82	3	7	3	14	1	12	21	85	13	350	8	26	56	103
2007	종로구	교남동	811	261	5,666	2,846	2,820	-	-	-	-	36	171	-	-	-	-	31	601	180	610	55	95	180	421	46	374	11	218	39	101	26	305	17	193	3	93	17	316	23	1,790	23	47	124	331
2007	종로구	가회동	518	210	6,895	4,774	2,121	-	-	-	-	21	621	-	-	-	-	14	1,192	127	396	30	110	141	517	13	472	10	269	15	36	26	1,413	7	201	6	991	26	294	14	67	20	133	48	183
2007	종로구	종로1.2.3.4가동	16,468	4,777	93,102	55,242	37,860	-	-	2	24	2,135	6,680	3	69	2	20	99	4,287	8,173	21,016	177	1,506	2,214	9,409	244	8,232	262	8,941	384	2,302	508	7,560	531	9,805	25	5,375	350	3,281	162	1,039	313	1,081	884	2,475
2007	종로구	종로5·6가동	6,885	2,134	22,573	13,491	9,082	-	-	-	-	763	2,485	-	-	-	-	19	285	4,568	9,921	79	301	603	1,767	49	887	34	2,438	131	590	90	1,134	56	377	5	294	47	531	117	663	54	122	270	778
2007	종로구	이화동	924	276	13,853	6,333	7,520	-	-	-	-	66	538	-	-	-	-	7	78	162	1,116	42	77	302	1,805	45	704	10	192	20	79	44	907	10	51	5	418	39	1,945	20	5,032	78	405	74	506
2007	종로구	혜화동	1,183	487	5,651	2,649	3,002	-	-	-	-	25	235	1	26	-	-	12	47	239	740	30	57	459	1,638	38	474	9	137	52	105	27	312	20	76	2	93	49	782	33	147	92	431	95	351
2007	종로구	명륜3가동	286	93	1,873	1,225	648	-	-	-	-	9	16	-	-	-	-	5	5	63	125	31	70	96	251	5	21	2	15	8	15	4	12	5	15	1	12	21	1,205	1	3	13	23	22	85
2007	종로구	창신1동	2,188	559	6,620	3,321	3,299	-	-	-	-	291	692	-	-	-	-	2	17	1,265	2,663	43	182	246	612	6	28	40	911	59	222	16	47	15	534	1	13	16	162	30	168	49	87	109	282
2007	종로구	창신2동	926	277	2,309	1,133	1,176	-	-	-	-	397	1,146	-	-	-	-	6	8	156	278	47	66	134	312	2	3	5	98	31	53	7	7	7	22	1	12	17	48	17	96	24	43	75	117
2007	종로구	창신3동	228	62	615	361	254	-	-	-	-	27	82	-	-	-	-	6	15	36	74	63	96	23	52	2	10	1	7	19	72	2	12	-	-	1	11	11	95	8	50	4	8	25	31
2007	종로구	숭인1동	447	142	1,404	648	756	-	-	-	-	94	380	-	-	-	-	3	11	132	342	33	61	61	228	4	15	1	10	21	69	8	16	4	9	2	16	19	71	15	75	6	17	44	84
2007	종로구	숭인2동	1,686	421	7,289	3,450	3,839	-	-	-	-	170	626	-	-	-	-	31	263	734	2,169	61	143	292	728	10	749	47	973	85	213	27	127	16	54	3	121	33	458	24	95	52	289	101	281
2007	중구	계	63,446	21,080	369,720	213,689	156,031	1	56	2	8	10,270	36,144	3	431	7	205	455	21,583	34,270	92,491	1,714	13,880	5,619	29,676	774	20,987	1,227	55,874	1,357	8,591	2,532	27,232	1,084	28,210	69	9,773	452	6,707	601	6,486	678	3,669	2,331	7,717
2007	중구	소공동	3,566	750	64,279	38,141	26,138	-	-	-	-	155	2,088	-	-	1	20	40	4,253	818	7,933	363	6,114	636	6,496	89	4,415	249	15,501	133	1,636	488	7,837	274	5,451	9	219	31	599	57	340	56	362	167	1,015
2007	중구	회현동	9,667	4,359	55,975	31,924	24,051	-	-	-	-	290	1,321	-	-	-	-	26	9,907	7,841	19,982	117	1,550	555	2,836	35	2,304	155	8,917	104	970	66	2,964	86	2,304	5	386	21	216	59	302	57	1,242	250	774
2007	중구	명동	7,171	2,071	87,117	53,271	33,846	-	-	-	-	524	2,399	1	255	1	6	73	2,790	2,506	9,371	310	3,415	1,150	8,298	171	7,652	544	26,043	280	2,106	427	8,059	434	7,008	20	5,646	60	694	140	1,045	96	374	434	1,956
2007	중구	필동	2,615	604	23,855	15,365	8,490	-	-	-	-	875	4,457	-	-	2	67	21	1,865	386	2,290	38	83	402	1,471	129	2,431	39	843	82	372	377	2,278	39	2,587	7	1,105	32	2,339	28	1,069	49	166	109	432
2007	중구	장충동	789	209	9,011	5,518	3,493	-	-	2	8	98	602	1	153	-	-	20	696	178	1,458	23	67	156	2,448	36	533	8	94	32	208	64	846	26	763	2	78	13	108	15	78	24	411	91	460
2007	중구	광희동	11,454	3,844	38,302	20,084	18,218	1	56	-	-	2,885	8,889	-	-	-	-	35	402	6,724	15,181	109	644	639	2,205	83	664	80	1,695	141	1,026	332	2,004	60	2,490	5	1,034	19	318	37	814	73	247	231	633
2007	중구	을지로동	9,872	1,734	33,482	21,565	11,917	-	-	-	-	3,970	10,284	-	-	-	-	65	305	3,874	10,141	73	397	560	1,743	113	1,018	97	2,060	150	512	539	1,647	84	3,294	3	318	18	69	47	1,027	65	144	214	523
2007	중구	신당1동	10,824	5,227	24,265	9,965	14,300	-	-	-	-	428	1,559	-	-	1	36	36	213	9,479	18,019	52	157	316	939	15	292	12	321	109	579	84	259	21	308	4	289	23	455	31	249	55	177	158	413
2007	중구	신당2동	1,028	310	6,143	2,997	3,146	-	-	-	-	86	404	1	23	-	-	29	202	268	1,230	120	223	171	576	27	302	6	74	58	199	50	750	11	1,101	1	19	39	408	35	286	25	53	101	293
2007	중구	신당3동	804	318	3,388	1,761	1,627	-	-	-	-	36	168	-	-	1	29	14	237	207	702	116	183	126	359	10	52	6	52	55	324	25	97	5	33	3	96	42	167	41	604	28	98	89	187
2007	중구	신당4동	745	222	4,669	2,429	2,240	-	-	-	-	107	553	-	-	-	-	19	275	167	568	117	207	75	222	18	117	4	26	45	229	22	130	9	1,524	1	14	54	433	18	117	21	70	68	184
2007	중구	신당5동	1,087	394	4,134	2,159	1,975	-	-	-	-	190	804	-	-	-	-	20	181	258	699	56	126	272	724	13	61	7	63	41	86	14	70	7	55	3	495	17	232	36	206	44	118	109	214
2007	중구	신당6동	1,035	283	4,285	2,251	2,034	-	-	-	-	311	1,759	-	-	-	-	27	95	237	916	90	143	108	283	12	80	4	27	48	149	20	53	9	157	1	16	32	214	27	199	22	45	87	149
2007	중구	황학동	1,827	465	3,831	2,404	1,427	-	-	-	-	202	474	-	-	-	-	12	54	1,084	2,212	44	54	245	549	1	1	6	58	28	53	4	13	3	6	2	16	19	30	8	37	33	74	136	200
2007	중구	중림동	962	290	6,984	3,855	3,129	-	-	-	-	113	383	-	-	1	47	18	108	243	1,789	86	517	208	527	22	1,065	10	100	51	142	20	225	16	1,129	3	42	32	425	22	113	30	88	87	284
2007	용산구	계	20,027	6,000	104,474	63,713	40,761	1	28	1	3	1,196	6,712	3	46	4	26	404	5,457	8,306	31,394	1,469	4,417	3,350	12,719	342	5,613	221	3,177	1,138	3,567	392	7,141	175	4,299	41	3,157	438	5,139	375	4,550	424	1,643	1,747	5,386
2007	용산구	후암동	812	296	4,358	1,841	2,517	-	-	-	-	82	358	-	-	-	-	17	370	199	538	101	122	121	310	12	45	6	54	69	138	14	86	4	1,287	3	98	37	212	39	414	19	128	89	198
2007	용산구	용산2가동	519	164	2,828	1,668	1,160	-	-	-	-	47	117	-	-	-	-	10	16	119	227	84	96	67	315	5	70	7	36	54	136	2	3	-	-	3	1,040	25	515	11	42	18	90	67	125
2007	용산구	남영동	1,513	589	10,229	5,051	5,178	-	-	1	3	89	615	1	4	2	16	26	250	425	1,698	59	606	442	1,896	41	728	51	1,558	64	232	37	483	31	685	1	13	37	445	34	266	71	428	101	303
2007	용산구	청파1동	981	276	3,715	2,159	1,556	-	-	-	-	281	1,202	-	-	-	-	14	63	192	562	104	244	142	283	16	96	4	18	64	112	13	308	1	2	1	14	21	184	19	326	17	34	92	267
2007	용산구	청파2동	687	285	3,570	1,580	1,990	-	-	-	-	46	116	1	20	-	-	16	79	180	575	30	33	199	693	19	171	5	46	20	34	9	32	14	33	-	-	27	1,302	10	135	22	57	89	244
2007	용산구	원효로1동	1,015	260	5,636	4,081	1,555	-	-	-	-	120	797	-	-	-	-	31	343	389	1,589	50	91	169	461	34	172	7	59	39	106	39	316	6	26	4	1,270	12	87	22	105	21	38	72	176
2007	용산구	원효로2동	1,124	285	5,601	4,075	1,526	-	-	-	-	39	248	-	-	-	-	31	338	546	2,586	107	169	109	279	17	265	7	72	73	291	12	226	3	60	1	15	40	310	13	56	14	31	112	655
2007	용산구	효창동	459	117	2,351	1,528	823	-	-	-	-	30	150	-	-	-	-	19	408	113	616	99	175	45	113	18	140	2	20	33	83	7	73	2	32	1	13	26	174	19	173	6	30	39	151
2007	용산구	용문동	668	233	1,744	972	772	-	-	-	-	47	183	-	-	-	-	26	71	224	613	90	125	95	243	4	25	2	14	42	102	5	22	2	10	1	12	22	52	17	75	20	51	71	146
2007	용산구	한강로1동	1,068	266	4,857	3,364	1,493	-	-	-	-	99	417	-	-	-	-	24	711	450	1,677	56	137	186	637	31	152	3	26	63	148	28	503	14	56	3	98	8	24	8	28	29	84	66	159
2007	용산구	한강로2동	2,705	509	16,083	10,902	5,181	-	-	-	-	69	594	-	-	-	-	21	237	1,832	8,217	32	122	316	978	42	906	24	483	82	249	59	2,484	28	955	6	94	17	150	19	73	41	91	117	450
2007	용산구	한강로3동	2,773	581	16,549	11,375	5,174	-	-	-	-	48	640	-	-	-	-	40	446	1,884	7,101	70	1,356	264	1,138	52	2,140	23	232	83	530	65	323	17	418	4	202	12	211	24	769	22	210	165	833
2007	용산구	이촌1동	694	311	3,045	1,464	1,581	-	-	-	-	8	61	-	-	-	-	11	30	201	432	34	38	154	606	3	21	21	197	90	419	5	52	1	1	1	54	33	405	42	296	10	58	80	375
2007	용산구	이촌2동	329	97	814	513	301	-	-	-	-	5	8	-	-	-	-	8	17	72	247	95	155	40	81	1	3	3	23	34	82	-	-	-	-	2	36	13	29	6	27	4	9	46	97
2007	용산구	이태원1동	1,363	551	4,281	2,111	2,170	-	-	-	-	70	427	-	-	-	-	13	32	693	1,165	50	79	296	1,698	7	66	25	113	47	106	15	61	12	42	3	110	11	92	11	48	16	39	94	203
2007	용산구	이태원2동	554	197	2,174	1,345	829	-	-	-	-	25	75	1	22	-	-	12	354	129	617	93	132	88	301	1	4	4	27	67	135	7	82	4	44	1	14	16	144	13	53	15	54	78	116
2007	용산구	한남1동	1,043	354	6,348	3,217	3,131	1	28	-	-	30	283	-	-	-	-	42	443	238	1,454	85	157	277	870	21	174	12	92	87	262	39	255	25	341	2	15	20	131	26	1,460	41	110	97	273
2007	용산구	한남2동	530	181	5,239	3,287	1,952	-	-	-	-	20	103	-	-	-	-	20	545	128	766	41	75	127	1,368	11	169	6	42	41	92	27	1,295	6	271	1	13	13	225	10	57	8	17	71	201
2007	용산구	서빙고동	337	99	2,900	1,908	992	-	-	-	-	14	278	-	-	1	4	12	686	84	262	66	139	44	108	5	255	4	30	24	194	4	525	2	13	2	32	20	155	5	28	5	30	45	161
2007	용산구	보광동	853	349	2,152	1,272	880	-	-	-	-	27	40	-	-	1	6	11	18	208	452	123	366	169	341	2	11	5	35	62	116	5	12	3	23	1	14	28	292	27	119	25	54	156	253
2007	성동구	계	23,887	6,513	120,900	76,489	44,411	1	4	3	12	5,076	34,110	10	736	24	407	518	4,220	6,002	19,409	2,878	8,637	3,319	8,511	199	2,698	281	2,514	1,047	3,350	424	4,498	140	6,670	40	2,944	696	8,593	524	5,252	592	1,823	2,113	6,512
2007	성동구	왕십리1동	1,275	253	4,371	2,985	1,386	-	-	-	-	539	1,613	-	-	-	-	20	154	268	965	119	203	124	334	2	11	5	102	48	183	10	260	4	154	-	-	16	44	9	91	16	37	95	220
2007	성동구	왕십리2동	694	239	1,961	884	1,077	-	-	-	-	112	437	-	-	-	-	10	30	128	360	113	126	105	240	3	40	3	8	48	143	10	47	4	29	1	14	40	239	21	91	19	37	77	120
2007	성동구	도선동	1,346	399	5,264	2,747	2,517	-	-	-	-	331	1,242	-	-	-	-	29	146	297	807	67	102	282	751	19	115	11	461	44	168	28	97	13	359	4	146	35	187	35	368	40	71	111	244
2007	성동구	마장동	3,006	666	10,801	7,614	3,187	-	-	-	-	335	1,569	2	150	1	22	38	230	1,399	3,632	575	1,059	233	581	6	199	11	137	73	205	17	135	8	1,611	1	16	56	379	36	338	36	113	179	425
2007	성동구	사근동	1,152	376	9,298	5,085	4,213	-	-	-	-	141	540	-	-	3	7	15	43	223	561	102	203	381	1,122	16	78	7	43	32	87	29	243	18	144	2	74	37	3,895	10	1,977	57	111	79	170
2007	성동구	행당1동	1,042	397	5,808	3,171	2,637	-	-	-	-	75	248	1	177	1	12	19	165	263	875	118	181	225	635	6	98	15	153	50	166	12	38	6	11	7	1,859	52	443	49	303	39	172	104	272
2007	성동구	행당2동	576	205	1,880	830	1,050	-	-	-	-	20	56	1	2	-	-	15	38	115	317	126	136	50	181	2	3	6	64	52	210	11	25	5	9	1	14	52	482	39	184	11	29	70	130
2007	성동구	응봉동	397	134	1,032	557	475	-	-	-	-	15	29	-	-	2	7	14	26	66	142	115	138	44	125	2	4	3	18	30	162	2	4	-	-	1	13	30	203	13	53	11	28	49	80
2007	성동구	금호1가동	697	238	1,819	909	910	-	-	-	-	92	279	-	-	-	-	15	47	110	239	124	150	92	218	2	9	4	17	49	113	6	9	-	-	2	36	35	246	39	201	32	79	95	176
2007	성동구	금호2가동	659	252	1,739	821	918	-	-	-	-	93	345	-	-	-	-	20	64	140	278	98	132	123	277	1	4	3	26	25	35	4	6	1	2	1	14	32	195	16	138	13	78	89	145
2007	성동구	금호3가동	631	261	1,451	718	733	-	-	-	-	52	127	-	-	-	-	7	134	163	300	110	139	114	236	-	-	3	16	36	112	1	3	1	1	1	13	22	76	29	112	10	19	82	163
2007	성동구	금호4가동	738	246	2,438	1,371	1,067	-	-	-	-	42	120	1	18	1	2	12	311	166	405	119	351	118	279	1	4	9	81	56	110	10	17	7	24	2	84	32	203	34	150	32	59	96	220
2007	성동구	옥수1동	332	94	766	454	312	-	-	-	-	30	142	-	-	-	-	12	21	60	107	74	74	39	92	2	5	2	7	36	50	1	2	-	-	1	13	9	93	9	50	10	19	47	91
2007	성동구	옥수2동	618	231	2,076	1,088	988	-	-	-	-	30	119	-	-	1	2	31	139	124	376	69	105	78	189	5	30	5	52	65	285	16	68	2	6	1	14	55	344	21	110	16	60	99	177
2007	성동구	성수1가1동	1,155	287	4,781	3,182	1,599	-	-	-	-	378	1,950	-	-	-	-	17	240	199	504	191	291	116	233	7	27	4	42	58	176	6	20	3	15	3	112	51	546	18	99	23	340	81	186
2007	성동구	성수1가2동	1,552	361	10,236	6,764	3,472	-	-	-	-	464	2,771	-	-	4	48	37	204	317	1,457	158	837	218	535	21	439	8	98	76	209	30	395	11	2,187	2	51	28	218	26	138	40	80	112	569
2007	성동구	성수2가1동	1,714	470	7,200	4,845	2,355	-	-	-	-	495	3,172	1	25	-	-	36	226	392	1,157	191	465	250	522	5	187	5	55	60	93	11	42	8	121	3	92	31	375	36	150	55	187	135	331
2007	성동구	성수2가3동	3,695	752	34,993	24,131	10,862	1	4	1	1	1,521	17,548	2	19	3	31	107	1,460	803	4,390	133	1,794	385	1,089	86	1,381	23	276	110	528	139	2,253	27	1,569	2	72	32	194	31	280	73	177	216	1,927
2007	성동구	송정동	677	175	2,345	1,442	903	-	-	-	-	125	488	-	-	2	4	17	148	150	338	107	141	73	162	-	-	1	1	26	45	54	381	5	17	3	262	12	30	13	146	14	22	75	160
2007	성동구	용답동	1,931	477	10,641	6,891	3,750	-	-	2	11	186	1,315	2	345	6	272	47	394	619	2,199	169	2,010	269	710	13	64	153	857	73	270	27	453	17	411	2	45	39	201	40	273	45	105	222	706
2007	광진구	계	23,899	8,128	104,509	59,458	45,051	-	-	2	16	1,942	9,464	6	164	8	46	677	6,388	6,327	18,247	2,618	5,665	4,387	14,475	271	4,501	200	2,824	1,165	3,936	633	4,423	289	5,016	41	3,405	1,101	11,160	670	5,605	996	3,161	2,566	6,013
2007	광진구	화양동	2,262	858	12,685	6,672	6,013	-	-	-	-	82	431	-	-	1	9	31	105	450	1,371	108	313	830	2,857	42	198	13	167	96	651	47	466	39	209	2	89	71	2,976	49	1,778	184	428	217	637
2007	광진구	군자동	1,525	519	6,125	3,287	2,838	-	-	1	13	146	873	1	1	-	-	48	190	357	1,227	139	307	324	806	18	93	10	117	65	127	46	377	22	141	1	15	67	1,242	44	221	67	111	169	264
2007	광진구	중곡1동	1,546	508	5,288	3,212	2,076	-	-	-	-	269	1,461	-	-	1	2	36	182	408	1,121	169	546	273	501	5	53	12	100	53	80	27	355	15	69	2	87	39	124	35	167	50	86	152	354
2007	광진구	중곡2동	1,586	545	6,056	3,021	3,035	-	-	-	-	186	914	1	21	-	-	55	302	366	1,203	179	245	237	554	12	83	18	159	77	157	38	157	28	997	3	103	84	379	61	330	58	101	183	351
2007	광진구	중곡3동	1,325	449	4,024	2,127	1,897	-	-	-	-	222	965	-	-	-	-	29	162	280	643	201	464	229	438	3	17	3	19	40	59	7	24	5	65	1	14	55	255	49	546	51	91	150	262
2007	광진구	중곡4동	1,444	471	4,129	2,228	1,901	-	-	-	-	161	703	-	-	1	17	30	81	317	780	282	446	189	398	3	16	6	56	52	97	13	32	7	21	3	43	74	675	57	244	58	120	191	400
2007	광진구	능동	636	204	3,910	2,104	1,806	-	-	-	-	52	278	-	-	-	-	20	144	165	825	66	98	92	313	15	154	13	452	33	55	21	132	11	351	4	63	24	465	17	70	42	404	61	106
2007	광진구	구의1동	1,850	608	6,576	3,833	2,743	-	-	-	-	117	429	-	-	-	-	43	324	381	1,228	127	169	403	972	36	224	24	373	102	194	161	680	31	325	6	455	63	386	44	216	96	177	216	424
2007	광진구	구의2동	1,335	450	5,174	3,207	1,967	-	-	1	3	117	611	1	100	-	-	45	959	333	871	221	450	207	565	9	61	7	70	60	106	18	236	5	29	1	15	62	382	39	264	43	79	166	373
2007	광진구	구의3동	2,811	876	13,499	8,457	5,042	-	-	-	-	51	352	-	-	3	10	74	1,483	1,390	3,762	146	359	381	1,380	52	1,456	23	245	114	747	64	867	34	647	3	129	139	915	62	330	71	182	204	635
2007	광진구	광장동	1,199	428	9,881	5,774	4,107	-	-	-	-	59	288	1	8	-	-	77	697	296	995	80	99	192	2,877	21	286	20	368	101	616	63	390	31	445	2	99	88	1,071	32	144	39	851	97	647
2007	광진구	자양1동	1,749	598	7,854	4,294	3,560	-	-	-	-	135	614	-	-	-	-	72	533	499	1,297	168	330	249	625	22	148	17	281	86	200	48	290	20	538	2	1,168	81	505	60	741	62	137	228	447
2007	광진구	자양2동	1,496	474	8,069	4,748	3,321	-	-	-	-	96	398	1	14	2	8	57	461	305	897	282	362	207	493	19	1,598	11	208	88	310	38	182	13	654	4	958	101	903	38	159	53	102	181	362
2007	광진구	자양3동	1,074	361	4,547	2,548	1,999	-	-	-	-	51	212	-	-	-	-	16	202	177	591	254	661	164	752	5	88	12	127	91	284	12	49	5	264	3	120	91	612	31	150	24	101	138	334
2007	광진구	자양4동	2,061	779	6,692	3,946	2,746	-	-	-	-	198	935	1	20	-	-	44	563	603	1,436	196	816	410	944	9	26	11	82	107	253	30	186	23	261	4	47	62	270	52	245	98	191	213	417
2007	동대문구	계	30,034	9,898	123,718	71,482	52,236	-	-	-	-	3,067	14,903	2	25	16	72	674	5,373	10,607	27,697	2,725	6,088	5,263	12,894	180	1,681	270	4,652	1,259	3,919	404	6,261	203	6,960	67	4,029	882	12,286	763	8,725	795	2,064	2,857	6,089
2007	동대문구	신설동	1,834	447	12,493	7,218	5,275	-	-	-	-	346	2,157	-	-	2	7	63	621	588	2,439	54	191	303	724	32	497	42	616	103	609	65	2,159	19	1,119	4	161	31	397	22	256	43	213	117	327
2007	동대문구	용두1동	1,411	550	5,885	3,268	2,617	-	-	-	-	68	229	1	4	1	2	16	55	710	1,773	68	118	264	588	4	25	25	613	41	125	25	156	6	11	7	1,671	11	27	29	210	23	40	112	238
2007	동대문구	용두2동	1,465	341	6,760	4,272	2,488	-	-	-	-	362	1,635	-	-	1	5	66	518	460	1,809	54	113	175	462	34	199	6	74	57	197	38	488	13	287	2	33	30	270	26	400	17	27	124	243
2007	동대문구	제기1동	2,981	1,208	5,683	3,033	2,650	-	-	-	-	146	297	-	-	-	-	28	48	2,036	3,575	73	92	383	672	4	9	11	97	49	151	10	36	10	17	2	20	25	237	34	127	16	25	154	280
2007	동대문구	제기2동	1,899	575	5,874	3,392	2,482	-	-	-	-	243	542	1	21	1	2	25	77	866	2,168	89	283	225	504	8	80	20	313	76	209	18	348	19	351	2	45	30	197	121	413	25	59	130	262
2007	동대문구	전농1동	690	240	1,640	943	697	-	-	-	-	54	139	-	-	1	4	21	81	172	376	86	101	134	262	-	-	3	23	39	70	7	17	5	17	3	104	21	125	14	102	20	42	110	177
2007	동대문구	전농2동	727	247	3,463	2,079	1,384	-	-	-	-	39	141	-	-	-	-	8	39	182	755	47	819	282	637	2	4	5	36	18	26	13	60	6	17	1	10	9	21	19	694	35	68	61	136
2007	동대문구	전농3동	710	273	3,107	1,707	1,400	-	-	-	-	30	100	-	-	-	-	11	24	159	327	121	123	113	284	2	3	3	33	37	90	7	10	5	7	2	104	71	1,652	31	121	26	68	92	161
2007	동대문구	전농4동	695	259	1,751	1,002	749	-	-	-	-	64	158	-	-	1	3	25	88	206	521	62	66	131	240	4	69	2	29	44	59	3	15	1	3	2	82	29	174	15	73	15	26	91	145
2007	동대문구	답십리1동	480	173	1,290	735	555	-	-	-	-	57	217	-	-	-	-	9	136	111	208	53	59	92	203	1	2	2	18	32	55	-	-	1	3	2	81	25	101	10	69	18	22	67	116
2007	동대문구	답십리2동	674	236	1,601	834	767	-	-	-	-	75	212	-	-	-	-	25	82	160	344	116	128	84	183	1	3	4	29	36	107	4	17	1	2	1	15	30	141	33	135	19	51	85	152
2007	동대문구	답십리3동	476	154	1,724	981	743	-	-	-	-	58	403	-	-	-	-	22	119	139	400	50	106	85	116	7	28	5	50	22	55	5	23	1	7	2	12	16	147	11	166	6	8	47	84
2007	동대문구	답십리4동	1,392	320	3,728	2,488	1,240	-	-	-	-	113	479	-	-	1	2	28	115	711	1,737	148	182	144	339	4	10	3	29	42	286	11	30	6	36	3	26	35	172	14	52	25	70	104	163
2007	동대문구	답십리5동	1,111	329	6,979	4,731	2,248	-	-	-	-	63	306	-	-	-	-	34	1,283	491	1,115	79	475	165	432	6	17	17	912	63	215	18	117	10	1,364	2	18	20	152	28	209	28	66	87	298
2007	동대문구	장안1동	2,598	734	12,539	6,951	5,588	-	-	-	-	511	3,632	-	-	-	-	68	726	914	2,818	150	202	388	1,089	15	297	34	670	84	212	33	415	19	1,115	4	124	45	297	39	284	62	137	232	521
2007	동대문구	장안2동	1,398	481	5,393	2,814	2,579	-	-	-	-	132	761	-	-	3	31	24	122	404	1,330	206	405	256	971	7	49	6	51	72	191	12	47	2	62	2	100	62	464	40	351	46	132	124	326
2007	동대문구	장안3동	1,371	386	7,704	5,264	2,440	-	-	-	-	212	1,125	-	-	1	3	30	637	361	1,306	119	945	209	588	3	9	24	590	70	281	26	631	11	258	5	219	39	261	27	166	37	227	197	458
2007	동대문구	장안4동	1,328	451	4,080	2,199	1,881	-	-	-	-	197	1,076	-	-	1	3	29	81	318	914	166	220	248	557	5	28	4	35	49	160	13	28	4	24	1	13	49	166	33	261	61	141	150	373
2007	동대문구	청량리1동	1,274	471	6,350	3,797	2,553	-	-	-	-	49	115	-	-	-	-	17	126	377	801	138	191	268	610	7	93	25	221	46	219	49	276	11	1,582	5	696	47	348	58	667	52	113	125	292
2007	동대문구	청량리2동	469	176	2,657	1,580	1,077	-	-	-	-	34	109	-	-	-	-	5	31	116	304	42	47	102	268	4	82	4	12	23	44	11	1,092	4	23	1	12	16	224	15	58	16	131	76	220
2007	동대문구	회기동	932	415	8,694	4,673	4,021	-	-	-	-	25	88	-	-	-	-	14	25	242	516	49	57	363	1,204	11	114	8	59	26	41	6	190	11	29	2	83	41	3,358	15	2,674	51	91	68	165
2007	동대문구	휘경1동	1,001	333	3,565	1,733	1,832	-	-	-	-	77	337	-	-	1	3	29	122	263	897	114	225	211	560	10	40	4	30	55	176	11	57	10	475	1	17	36	146	24	102	38	87	117	291
2007	동대문구	휘경2동	906	253	3,954	2,060	1,894	-	-	-	-	45	437	-	-	1	4	22	64	163	421	322	349	114	237	1	4	2	16	44	116	4	15	7	111	5	130	52	1,122	25	758	18	33	81	137
2007	동대문구	이문1동	662	243	1,352	713	639	-	-	-	-	12	26	-	-	1	3	19	32	152	254	125	134	114	267	2	4	5	48	33	60	5	11	5	9	2	83	20	58	23	123	44	83	100	157
2007	동대문구	이문2동	853	341	3,645	1,981	1,664	-	-	-	-	21	45	-	-	-	-	20	84	166	324	79	92	267	650	4	12	4	37	52	84	6	10	15	29	2	85	47	1,804	25	119	39	82	106	188
2007	동대문구	이문3동	697	262	1,807	1,034	773	-	-	-	-	34	137	-	-	-	-	16	37	140	265	115	365	143	247	2	3	2	11	46	81	4	13	1	2	2	85	45	225	32	135	15	22	100	179
2007	중랑구	계	26,329	8,194	82,764	46,265	36,499	-	-	-	-	2,729	12,103	1	102	13	195	612	3,488	5,550	15,004	6,535	12,726	4,188	10,033	80	898	141	1,601	996	2,502	198	935	122	1,512	42	2,756	936	7,214	657	4,591	873	2,303	2,656	4,801
2007	중랑구	면목2동	1,973	574	5,626	3,186	2,440	-	-	-	-	349	1,564	-	-	-	-	62	259	452	1,097	339	689	288	547	5	83	4	22	78	186	12	28	7	36	2	89	73	351	45	242	63	113	194	320
2007	중랑구	면목4동	1,065	335	3,155	1,848	1,307	-	-	-	-	121	521	-	-	1	1	29	144	193	405	272	760	148	318	-	-	3	10	51	121	7	21	3	5	4	76	42	322	28	174	26	75	137	202
2007	중랑구	면목5동	949	265	3,298	2,087	1,211	-	-	-	-	181	802	-	-	2	9	40	121	227	801	162	692	120	285	4	18	5	32	25	58	7	16	3	35	2	76	14	30	20	116	30	55	107	152
2007	중랑구	면목7동	1,545	527	4,153	2,081	2,072	-	-	-	-	205	1,026	-	-	-	-	32	51	357	741	291	505	266	680	3	11	8	72	74	190	13	32	1	3	1	14	41	187	40	214	51	115	162	312
2007	중랑구	상봉1동	898	262	3,801	2,329	1,472	-	-	-	-	61	435	-	-	-	-	18	81	163	507	294	1,025	99	351	8	230	9	167	44	153	6	14	4	10	2	15	43	394	21	148	22	56	104	215
2007	중랑구	상봉2동	1,904	720	8,235	4,207	4,028	-	-	-	-	212	1,025	-	-	2	42	41	229	452	1,906	138	554	543	1,414	21	263	22	458	62	152	20	286	20	478	2	13	34	271	47	421	120	370	168	353
2007	중랑구	중화1동	1,062	321	3,202	1,601	1,601	-	-	-	-	104	536	-	-	-	-	39	183	228	575	258	289	110	271	3	13	3	26	46	109	9	23	9	118	1	16	84	625	30	167	19	60	119	191
2007	중랑구	중화2동	2,111	725	5,555	3,015	2,540	-	-	-	-	196	715	-	-	4	26	42	201	556	1,446	382	674	409	882	1	1	16	128	62	140	25	161	12	70	4	51	31	113	46	249	84	190	241	508
2007	중랑구	묵1동	1,367	418	4,690	2,722	1,968	-	-	-	-	58	335	1	102	-	-	38	589	286	835	377	435	190	534	7	56	8	85	82	211	14	131	7	34	2	39	54	544	39	221	54	224	150	315
2007	중랑구	묵2동	1,922	478	4,954	3,179	1,775	-	-	-	-	127	524	-	-	1	18	59	469	335	829	758	895	248	496	4	38	8	104	52	126	18	37	6	103	3	481	48	304	28	157	52	106	175	267
2007	중랑구	망우3동	1,118	336	2,985	1,673	1,312	-	-	-	-	193	753	-	-	1	22	31	113	202	406	271	493	159	317	1	7	3	21	28	47	3	7	6	56	1	13	45	376	19	104	21	53	134	197
2007	중랑구	신내1동	1,576	437	5,727	3,839	1,888	-	-	-	-	115	449	-	-	1	41	31	235	257	864	545	1,962	197	604	4	81	4	43	73	219	9	38	3	17	1	14	87	347	47	353	51	149	151	311
2007	중랑구	신내2동	1,094	346	4,580	2,507	2,073	-	-	-	-	14	45	-	-	-	-	13	47	207	567	396	428	118	397	3	9	4	33	59	298	16	50	7	14	6	1,616	98	651	43	203	18	43	92	179
2007	중랑구	면목본동	2,359	851	6,247	2,961	3,286	-	-	-	-	344	1,549	-	-	1	36	36	241	550	1,251	377	544	423	896	4	29	12	76	100	139	14	24	11	69	3	94	85	458	68	306	70	141	261	394
2007	중랑구	면목3.8동	2,828	720	7,185	4,088	3,097	-	-	-	-	200	850	-	-	-	-	37	146	435	895	1,195	1,655	401	962	7	44	7	53	73	157	9	19	11	27	3	36	76	1,210	60	575	101	213	213	343
2007	중랑구	망우본동	2,558	879	9,371	4,942	4,429	-	-	-	-	249	974	-	-	-	-	64	379	650	1,879	480	1,126	469	1,079	5	15	25	271	87	196	16	48	12	437	5	113	81	1,031	76	941	91	340	248	542
2007	성북구	계	23,026	7,812	88,501	47,598	40,903	-	-	-	-	2,176	8,968	5	79	7	84	480	3,285	5,124	13,539	3,781	6,769	4,238	11,179	140	1,633	172	2,125	1,168	2,764	270	2,047	144	1,638	54	2,950	1,052	17,681	736	6,197	719	2,168	2,760	5,395
2007	성북구	돈암1동	385	125	1,407	705	702	-	-	-	-	14	47	-	-	-	-	10	93	60	128	97	102	40	101	2	12	2	11	35	111	1	1	1	1	1	13	38	456	15	201	9	25	60	105
2007	성북구	돈암2동	369	132	1,672	771	901	-	-	-	-	8	19	-	-	-	-	10	28	56	186	90	90	29	84	1	22	8	72	40	279	2	9	2	284	2	76	50	242	12	55	5	22	54	204
2007	성북구	안암동	1,184	405	9,585	5,330	4,255	-	-	-	-	60	201	-	-	-	-	21	219	249	1,068	104	181	388	1,383	18	57	7	58	48	135	10	220	21	50	2	77	43	3,511	24	1,999	69	152	120	274
2007	성북구	보문동	1,324	391	4,121	2,448	1,673	-	-	-	-	116	431	-	-	1	12	39	582	353	965	286	357	178	386	14	120	10	89	61	96	28	140	5	11	5	83	36	324	27	169	24	49	141	307
2007	성북구	정릉1동	717	225	1,505	787	718	-	-	-	-	59	182	-	-	1	6	22	108	115	239	182	184	99	205	-	-	2	13	48	129	2	3	2	2	2	14	49	108	23	120	19	38	92	154
2007	성북구	정릉2동	828	271	2,212	1,225	987	-	-	-	-	39	196	1	8	-	-	8	16	161	389	216	412	133	358	1	5	4	48	44	90	4	9	2	7	2	25	44	254	28	103	32	93	109	199
2007	성북구	정릉3동	739	237	3,946	2,433	1,513	-	-	-	-	43	248	-	-	-	-	13	20	130	286	197	506	148	409	2	14	2	11	18	28	4	14	3	6	2	14	45	2,059	12	95	26	61	94	175
2007	성북구	정릉4동	805	261	3,566	2,327	1,239	-	-	-	-	29	122	-	-	-	-	11	30	157	325	185	983	135	338	1	4	7	46	49	116	5	8	2	3	2	16	38	928	37	171	24	246	123	230
2007	성북구	길음1동	829	345	2,130	989	1,141	-	-	-	-	30	77	-	-	-	-	7	12	217	426	157	187	154	329	1	2	11	85	52	152	9	26	4	6	3	79	38	339	35	148	20	57	91	205
2007	성북구	길음2동	980	345	3,805	1,584	2,221	-	-	-	-	29	147	-	-	-	-	17	88	248	867	126	135	206	751	2	223	11	368	71	133	14	47	14	62	3	42	42	165	41	356	23	182	133	239
2007	성북구	월곡1동	1,268	399	4,129	2,212	1,917	-	-	-	-	178	794	-	-	-	-	28	193	300	981	210	243	196	431	5	91	11	158	67	205	5	12	4	7	2	17	43	394	51	263	27	82	141	258
2007	성북구	월곡2동	1,369	427	6,266	3,313	2,953	-	-	-	-	229	1,190	1	12	2	39	18	60	258	741	203	291	243	631	14	121	10	79	59	125	31	1,057	4	8	2	16	53	1,201	41	243	48	139	153	313
2007	성북구	장위1동	1,146	379	2,757	1,328	1,429	-	-	-	-	136	713	-	-	-	-	18	58	238	458	246	314	155	300	-	-	5	51	67	85	4	6	4	11	2	18	47	264	38	178	33	61	153	240
2007	성북구	장위2동	1,660	543	4,576	2,140	2,436	-	-	-	-	307	1,381	-	-	-	-	32	83	393	835	226	256	289	635	12	37	10	64	73	124	15	37	6	54	2	81	43	271	48	311	46	105	158	302
2007	성북구	장위3동	1,127	347	3,690	2,222	1,468	-	-	-	-	145	771	1	11	1	17	31	98	283	594	206	871	189	391	-	-	2	23	43	97	9	24	3	10	2	38	30	213	26	176	25	148	131	208
2007	성북구	성북동	998	368	4,717	2,614	2,103	-	-	-	-	54	183	-	-	-	-	34	484	244	710	112	146	140	617	28	550	10	123	62	133	26	96	12	278	3	37	71	720	41	194	18	40	143	406
2007	성북구	삼선동	1,646	600	6,868	3,941	2,927	-	-	-	-	93	214	1	24	-	-	36	381	417	919	171	201	362	780	6	83	20	166	70	133	50	180	18	48	7	1,432	88	1,547	60	327	66	123	181	310
2007	성북구	동선동	1,681	677	7,438	3,225	4,213	-	-	-	-	60	227	1	24	-	-	32	186	388	1,118	87	123	471	1,377	20	184	14	201	73	141	27	97	13	351	1	18	91	2,238	65	399	87	209	251	545
2007	성북구	종암동	1,828	611	6,600	3,808	2,792	-	-	-	-	328	1,062	-	-	-	-	34	254	356	927	265	459	304	796	10	95	15	364	94	260	12	32	10	30	6	761	84	608	55	420	54	146	201	386
2007	성북구	석관동	2,143	724	7,511	4,196	3,315	-	-	-	-	219	763	-	-	2	10	59	292	501	1,377	415	728	379	877	3	13	11	95	94	192	12	29	14	409	3	93	79	1,839	57	269	64	190	231	335
2007	강북구	계	19,362	6,699	63,405	33,139	30,266	-	-	-	-	1,398	5,980	8	347	3	70	408	1,724	4,189	10,259	3,588	7,250	3,867	10,145	65	864	198	3,859	936	2,026	224	881	103	1,988	46	2,402	684	4,871	580	4,206	797	2,018	2,268	4,515
2007	강북구	미아1동	587	208	1,474	795	679	-	-	-	-	38	116	-	-	-	-	8	23	130	287	140	316	75	151	-	-	4	30	35	83	6	13	-	-	1	14	28	148	25	122	20	51	77	120
2007	강북구	미아2동	663	220	1,352	695	657	-	-	-	-	67	213	-	-	-	-	7	8	148	260	128	157	80	146	1	4	2	19	57	86	5	10	1	1	2	16	16	119	22	129	20	37	107	147
2007	강북구	미아3동	1,890	633	5,910	3,032	2,878	-	-	-	-	145	662	1	10	-	-	39	128	351	887	426	529	361	900	5	64	23	482	92	160	15	58	17	443	3	25	63	490	51	352	66	133	232	587
2007	강북구	미아4동	1,156	425	3,962	1,877	2,085	-	-	-	-	74	326	-	-	1	2	16	51	242	657	137	189	332	1,316	5	61	9	145	58	130	3	7	12	41	2	76	34	227	40	260	63	169	128	305
2007	강북구	미아5동	1,112	434	2,859	1,326	1,533	-	-	-	-	71	192	-	-	-	-	26	82	307	627	127	178	236	586	2	7	6	100	80	131	8	25	2	4	2	14	41	369	44	251	32	57	128	236
2007	강북구	미아6.7동	688	225	1,546	702	844	-	-	-	-	48	112	1	3	-	-	2	3	127	241	211	211	94	222	1	3	5	47	43	89	3	3	2	3	2	36	37	253	34	159	16	42	62	119
2007	강북구	미아8동	1,158	352	4,237	2,130	2,107	-	-	-	-	176	785	1	10	-	-	37	143	226	703	134	331	238	509	4	53	5	39	56	138	38	162	7	20	5	232	29	318	31	405	33	88	138	301
2007	강북구	미아9동	754	262	2,618	1,243	1,375	-	-	-	-	65	304	-	-	1	28	29	91	160	452	149	165	103	198	4	320	3	34	29	39	12	67	6	66	3	150	48	321	24	142	19	43	99	198
2007	강북구	번1동	1,699	637	7,401	3,286	4,115	-	-	-	-	98	370	1	13	-	-	46	185	372	935	174	344	410	1,113	14	118	75	1,905	77	208	33	120	23	450	4	392	57	336	55	291	84	291	176	330
2007	강북구	번2동	681	154	3,184	2,060	1,124	-	-	-	-	42	357	1	184	-	-	19	55	103	293	281	852	59	147	4	57	-	-	30	109	4	20	7	191	3	142	17	141	12	339	21	151	78	146
2007	강북구	번3동	719	190	2,238	1,381	857	-	-	-	-	42	335	-	-	1	40	7	12	103	303	270	463	82	172	1	4	3	22	35	176	7	34	-	-	2	15	38	243	27	157	24	69	77	193
2007	강북구	수유1동	1,578	577	5,005	2,664	2,341	-	-	-	-	102	420	-	-	-	-	27	157	510	1,449	250	695	276	625	1	5	11	112	64	118	8	15	4	8	3	85	49	631	54	305	48	95	171	285
2007	강북구	수유2동	1,355	467	4,320	2,561	1,759	-	-	-	-	104	561	1	14	-	-	43	497	272	663	232	258	226	543	6	25	6	41	70	175	12	36	8	611	2	18	65	163	43	236	61	117	204	362
2007	강북구	수유3동	2,577	961	8,467	4,177	4,290	-	-	-	-	164	585	-	-	-	-	49	126	571	1,387	323	395	686	2,028	11	42	42	840	102	226	53	200	11	42	4	1,087	48	314	63	327	196	402	254	466
2007	강북구	수유4동	1,109	432	3,951	2,513	1,438	-	-	-	-	47	227	-	-	-	-	17	34	215	440	215	1,450	349	893	2	16	3	38	35	54	5	10	-	-	3	14	29	161	19	112	53	163	117	339
2007	강북구	수유5동	971	322	3,035	1,665	1,370	-	-	-	-	74	276	1	19	-	-	25	110	199	415	210	535	178	363	3	82	1	5	43	54	8	22	2	58	2	20	48	239	23	540	23	37	131	260
2007	강북구	수유6동	665	200	1,846	1,032	814	-	-	-	-	41	139	1	94	-	-	11	19	153	260	181	182	82	233	1	3	-	-	30	50	4	79	1	50	3	66	37	398	13	79	18	73	89	121
2007	도봉구	계	16,656	5,594	57,695	31,852	25,843	-	-	1	14	969	4,816	4	44	8	112	355	1,029	3,452	9,934	3,874	9,832	2,659	6,636	52	314	100	1,003	875	2,615	156	666	94	950	36	1,937	950	7,872	554	4,071	565	1,487	1,952	4,363
2007	도봉구	쌍문1동	925	291	3,607	1,716	1,891	-	-	-	-	55	380	1	18	-	-	18	33	180	463	275	591	123	297	3	6	4	27	36	102	4	12	4	6	3	17	53	1,160	27	206	25	80	114	209
2007	도봉구	쌍문2동	1,189	411	4,667	2,584	2,083	-	-	-	-	68	280	-	-	-	-	32	91	295	906	216	546	183	474	2	10	5	123	51	169	11	23	4	515	2	78	79	494	38	448	42	112	161	398
2007	도봉구	쌍문3동	901	321	2,815	1,361	1,454	-	-	-	-	56	205	-	-	2	27	32	88	244	596	138	162	134	319	2	3	6	21	53	120	13	35	10	24	1	14	46	205	29	780	25	53	110	163
2007	도봉구	쌍문4동	504	199	1,682	849	833	-	-	-	-	6	9	-	-	-	-	12	23	98	190	114	118	47	170	-	-	2	27	34	180	4	7	-	-	1	13	77	708	26	78	13	33	70	126
2007	도봉구	방학1동	2,100	810	9,573	5,663	3,910	-	-	-	-	80	429	1	13	1	1	42	138	489	1,687	253	1,919	482	1,225	5	56	17	178	129	407	30	201	12	79	8	1,016	107	668	78	580	113	227	253	749
2007	도봉구	방학2동	1,282	424	2,634	1,290	1,344	-	-	-	-	142	564	1	2	-	-	26	41	313	572	281	291	176	330	1	2	2	11	43	51	2	2	4	23	1	15	50	225	38	228	42	65	160	212
2007	도봉구	방학3동	553	141	1,789	906	883	-	-	-	-	13	51	-	-	-	-	3	8	69	171	240	417	55	152	2	8	4	49	26	116	4	6	1	4	3	18	47	440	21	222	20	37	45	90
2007	도봉구	방학4동	220	77	796	496	300	-	-	-	-	4	11	-	-	-	-	5	9	46	112	58	267	30	77	-	-	-	-	18	83	1	1	-	-	-	-	22	145	3	18	1	12	32	61
2007	도봉구	창1동	1,035	344	2,982	1,511	1,471	-	-	-	-	52	181	-	-	-	-	23	91	175	464	271	297	156	413	3	78	8	76	71	244	7	26	11	55	3	43	49	470	49	239	34	75	123	230
2007	도봉구	창2동	1,289	425	4,477	2,711	1,766	-	-	1	14	173	1,494	-	-	1	3	34	93	271	825	273	792	155	292	1	2	3	29	70	130	2	3	8	41	2	16	72	244	34	138	34	70	155	291
2007	도봉구	창3동	967	341	2,008	931	1,077	-	-	-	-	78	236	-	-	-	-	18	61	235	434	203	206	165	339	1	1	1	8	40	70	4	10	4	14	1	14	39	189	32	206	26	42	120	178
2007	도봉구	창4동	1,020	303	6,648	3,507	3,141	-	-	-	-	17	60	-	-	-	-	31	147	201	1,261	179	913	163	689	16	65	28	272	75	286	40	242	9	33	4	487	80	1,415	33	145	39	335	105	298
2007	도봉구	창5동	1,238	454	4,614	2,414	2,200	-	-	-	-	44	140	1	11	1	4	18	49	239	815	199	474	210	713	5	37	10	94	86	305	15	40	10	113	3	121	123	724	61	305	57	144	156	525
2007	도봉구	도봉1동	1,596	592	5,030	2,909	2,121	-	-	-	-	132	611	-	-	2	71	37	90	368	779	236	1,185	353	744	10	42	8	70	64	129	10	20	10	24	2	19	46	428	42	255	67	153	209	410
2007	도봉구	도봉2동	1,837	461	4,373	3,004	1,369	-	-	-	-	49	165	-	-	1	6	24	67	229	659	938	1,654	227	402	1	4	2	18	79	223	9	38	7	19	2	66	60	357	43	223	27	49	139	423
2007	노원구	계	25,107	8,258	98,373	51,475	46,898	-	-	1	5	814	4,265	6	434	12	169	415	1,840	4,814	14,975	6,733	12,204	3,962	13,118	82	803	225	4,099	1,345	4,983	331	1,613	131	761	42	3,393	1,624	18,326	1,139	9,744	831	2,269	2,600	5,372
2007	노원구	월계1동	960	314	3,373	1,913	1,460	-	-	-	-	42	271	-	-	-	-	21	121	142	298	215	260	213	638	6	12	6	49	55	133	4	8	11	18	1	12	38	878	47	365	61	118	98	192
2007	노원구	월계2동	760	147	2,253	1,242	1,011	-	-	-	-	20	312	-	-	-	-	10	19	69	176	455	531	43	153	1	6	-	-	31	121	1	2	-	-	2	42	45	662	26	138	4	19	53	72
2007	노원구	월계3동	650	164	1,949	1,191	758	-	-	-	-	5	9	-	-	-	-	4	8	87	361	331	642	42	136	1	4	3	33	43	232	6	19	1	2	1	14	32	233	43	128	2	11	49	117
2007	노원구	월계4동	957	315	4,322	2,702	1,620	-	-	-	-	57	456	-	-	2	15	7	54	181	535	228	998	211	589	6	44	4	41	30	113	6	12	10	51	2	88	34	813	29	156	47	125	103	232
2007	노원구	공릉2동	1,715	545	8,435	4,269	4,166	-	-	-	-	38	387	-	-	-	-	23	196	258	648	517	546	292	741	6	16	10	74	104	187	14	45	9	14	1	17	112	3,237	79	1,695	71	314	181	318
2007	노원구	하계1동	1,097	351	7,048	3,998	3,050	-	-	-	-	61	657	-	-	-	-	28	227	359	1,152	174	706	157	609	3	60	9	61	43	231	9	125	3	9	3	674	78	1,124	39	1,058	21	98	110	257
2007	노원구	하계2동	425	113	1,029	613	416	-	-	-	-	8	22	-	-	-	-	-	-	64	125	181	181	35	79	-	-	3	20	30	132	2	4	-	-	1	12	29	289	27	83	3	8	42	74
2007	노원구	중계본동	1,231	433	4,564	2,379	2,185	-	-	-	-	60	184	-	-	-	-	23	57	199	491	245	379	181	560	4	205	5	40	85	262	8	13	4	33	1	14	197	1,734	49	257	37	79	133	256
2007	노원구	중계1동	937	329	3,970	1,929	2,041	-	-	-	-	10	31	-	-	-	-	17	42	131	571	214	215	112	488	1	4	9	106	84	337	7	15	2	5	2	83	168	1,484	56	217	23	114	101	258
2007	노원구	중계2동	473	212	1,420	668	752	-	-	-	-	4	9	-	-	-	-	3	10	144	218	103	113	78	256	1	18	3	40	25	164	3	4	-	-	1	15	26	249	31	184	7	21	44	119
2007	노원구	중계3동	905	352	3,560	1,457	2,103	-	-	-	-	17	72	-	-	-	-	4	14	397	1,486	243	243	93	505	1	5	1	10	19	128	7	16	2	4	2	89	23	595	35	200	10	76	51	117
2007	노원구	중계4동	986	367	3,226	1,783	1,443	-	-	-	-	20	55	-	-	1	11	17	79	189	483	193	348	220	596	2	5	5	48	62	208	7	14	4	10	2	26	64	766	45	206	49	144	106	227
2007	노원구	상계1동	2,606	616	7,488	4,591	2,897	-	-	-	-	67	286	-	-	3	37	28	169	285	1,141	1,308	1,805	326	1,151	4	64	3	34	102	375	20	393	13	99	2	37	104	822	67	447	71	159	203	469
2007	노원구	상계2동	2,050	828	7,988	3,812	4,176	-	-	-	-	78	245	-	-	2	6	42	163	472	1,669	177	376	577	2,135	19	93	12	328	89	327	16	45	14	91	2	40	98	833	67	600	127	362	258	675
2007	노원구	상계5동	1,348	511	3,049	1,552	1,497	-	-	-	-	65	244	1	12	-	-	35	104	326	711	229	283	222	446	3	7	5	63	72	220	11	28	5	70	1	13	89	266	40	183	51	105	193	294
2007	노원구	상계8동	646	215	1,662	822	840	-	-	-	-	8	12	1	6	-	-	8	14	117	279	214	214	59	133	1	1	6	60	31	182	3	5	1	2	1	12	53	450	67	169	17	33	59	90
2007	노원구	상계9동	719	236	2,285	1,139	1,146	-	-	-	-	7	13	-	-	-	-	7	10	109	361	295	304	60	229	-	-	4	55	41	230	4	8	1	1	2	82	66	662	49	203	20	37	54	90
2007	노원구	상계10동	467	143	1,979	1,297	682	-	-	-	-	3	5	-	-	2	29	7	30	58	165	181	550	36	125	2	6	1	10	25	181	9	21	5	10	2	134	43	463	26	96	21	37	46	117
2007	노원구	공릉1.3동	2,537	771	9,845	5,626	4,219	-	-	-	-	135	695	-	-	1	31	60	266	531	1,806	560	1,668	403	1,258	10	122	19	201	130	282	146	659	16	147	6	713	76	605	93	668	76	146	275	578
2007	노원구	상계3.4동	1,754	622	4,936	2,952	1,984	-	-	-	-	86	213	-	-	-	-	42	133	396	908	376	1,544	272	582	2	7	3	25	97	244	11	15	8	35	1	20	61	314	60	347	60	113	279	436
2007	노원구	상계6.7동	1,884	674	13,992	5,540	8,452	-	-	1	5	23	87	4	416	1	40	29	124	300	1,391	294	298	330	1,709	9	124	114	2,801	147	694	37	162	22	160	6	1,256	188	1,847	164	2,344	53	150	162	384
2007	은평구	계	22,034	8,111	72,659	38,454	34,205	1	1	1	1	986	3,438	3	176	10	132	486	3,373	5,080	13,426	4,420	7,827	3,796	10,004	74	911	171	2,334	1,196	2,494	274	1,855	103	1,811	54	4,062	1,236	7,998	750	5,817	765	1,845	2,628	5,154
2007	은평구	녹번동	1,616	567	8,724	4,880	3,844	-	-	1	1	109	525	2	168	1	7	69	487	310	988	200	237	304	836	11	70	7	39	104	236	53	486	21	137	13	2,925	84	666	45	370	46	102	236	444
2007	은평구	불광1동	1,065	405	3,997	1,760	2,237	-	-	-	-	34	101	-	-	-	-	18	70	176	490	202	233	217	630	4	34	24	561	88	221	18	558	4	6	2	29	70	400	40	218	33	75	135	371
2007	은평구	불광2동	793	325	2,261	1,133	1,128	-	-	-	-	25	48	-	-	-	-	13	73	197	529	154	166	128	419	3	23	5	55	52	102	2	2	5	23	2	89	44	299	29	148	27	121	107	164
2007	은평구	불광3동	1,026	466	3,255	1,499	1,756	-	-	-	-	40	128	-	-	2	3	12	163	321	762	157	161	162	328	3	19	19	313	68	125	8	20	6	10	3	294	53	507	32	159	20	44	120	219
2007	은평구	갈현1동	1,319	483	4,800	2,246	2,554	-	-	-	-	50	161	-	-	-	-	19	44	262	893	202	362	307	947	5	9	23	445	84	135	10	42	8	361	3	115	68	356	55	493	94	188	129	249
2007	은평구	갈현2동	1,453	600	4,508	2,183	2,325	-	-	-	-	74	234	-	-	1	14	25	195	373	835	190	197	283	874	5	71	8	78	66	125	18	54	4	38	1	14	129	1,153	45	175	67	136	164	315
2007	은평구	구산동	1,022	347	4,487	2,606	1,881	-	-	-	-	37	107	-	-	-	-	31	106	195	470	269	1,164	114	313	2	11	3	16	56	94	8	54	3	90	2	19	97	874	47	804	18	63	140	302
2007	은평구	대조동	2,435	1,092	7,095	3,242	3,853	1	1	-	-	104	279	-	-	-	-	44	213	857	2,148	212	336	481	1,254	11	181	21	281	97	347	30	81	11	68	3	65	113	540	110	603	77	214	263	484
2007	은평구	응암1동	2,169	599	7,241	4,084	3,157	-	-	-	-	74	251	-	-	1	5	49	542	356	1,299	836	862	294	834	8	405	17	138	85	183	51	196	9	785	4	94	76	458	62	664	63	129	184	396
2007	은평구	응암2동	548	171	1,124	599	525	-	-	-	-	18	32	-	-	-	-	9	26	112	174	191	208	67	114	-	-	2	2	28	39	2	4	-	-	1	14	18	51	10	271	21	94	69	95
2007	은평구	응암3동	951	312	2,503	1,283	1,220	-	-	-	-	44	184	-	-	-	-	17	77	181	445	220	245	159	416	3	21	5	89	54	84	10	28	2	6	2	79	54	280	35	228	25	55	140	266
2007	은평구	응암4동	1,264	541	3,385	1,562	1,823	-	-	-	-	63	182	-	-	-	-	17	68	351	817	148	148	306	791	1	4	4	52	46	96	6	16	4	9	2	14	62	466	42	296	60	141	152	285
2007	은평구	역촌1동	1,186	425	3,404	1,899	1,505	-	-	-	-	81	300	-	-	2	62	53	435	271	779	180	196	195	475	3	7	7	50	73	143	17	43	6	77	2	17	68	254	29	170	45	86	154	310
2007	은평구	역촌2동	1,014	350	3,161	1,556	1,605	-	-	-	-	47	200	-	-	1	19	31	179	214	619	203	223	146	375	3	10	5	50	61	102	7	16	1	21	3	111	73	304	40	490	34	83	145	359
2007	은평구	신사1동	1,188	397	3,032	1,711	1,321	-	-	-	-	65	290	-	-	-	-	21	63	237	520	288	593	171	376	5	18	7	55	66	109	12	93	5	32	2	16	68	285	51	263	48	81	142	238
2007	은평구	신사2동	844	267	2,336	1,488	848	-	-	-	-	27	71	-	-	-	-	13	131	153	284	282	594	75	173	4	13	2	8	53	122	5	7	2	7	2	95	76	531	22	107	15	25	113	168
2007	은평구	증산동	1,072	370	4,115	2,665	1,450	-	-	-	-	48	239	-	-	-	-	30	381	237	657	251	1,177	171	437	2	10	5	40	73	130	13	138	8	132	2	17	49	330	27	125	35	76	121	226
2007	은평구	수색동	910	345	2,449	1,555	894	-	-	-	-	45	101	1	8	2	22	12	110	249	620	189	531	175	291	1	5	6	60	39	98	4	17	4	9	3	44	30	148	25	135	33	53	92	197
2007	은평구	진관동	159	49	782	503	279	-	-	-	-	1	5	-	-	-	-	3	10	28	97	46	194	41	121	-	-	1	2	3	3	-	-	-	-	2	11	4	96	4	98	4	79	22	66
2007	서대문구	계	20,176	7,466	87,595	45,552	42,043	-	-	-	-	830	3,639	5	510	7	115	371	2,395	4,869	13,097	3,505	5,930	4,261	13,641	179	3,217	205	5,150	983	2,370	261	1,975	184	3,019	47	4,848	924	10,609	600	9,605	625	1,685	2,320	5,790
2007	서대문구	충정로동	1,078	376	16,126	9,630	6,496	-	-	-	-	37	609	1	275	-	-	21	250	200	1,479	41	243	299	798	53	2,128	69	3,586	47	208	65	793	47	1,614	7	2,883	27	553	22	231	35	60	107	416
2007	서대문구	천연동	772	321	2,180	1,078	1,102	-	-	-	-	52	117	-	-	-	-	11	17	187	399	85	108	151	315	2	13	5	40	50	115	4	7	8	104	4	85	54	445	35	159	26	69	98	187
2007	서대문구	북아현1동	699	264	1,997	980	1,017	-	-	-	-	46	167	-	-	-	-	9	33	238	529	53	63	149	420	2	13	4	39	39	65	6	20	3	43	1	13	28	213	33	216	16	28	72	135
2007	서대문구	북아현2동	453	171	1,060	486	574	-	-	-	-	57	183	1	16	-	-	12	26	122	200	55	65	47	105	-	-	1	13	43	74	3	13	7	23	2	44	25	138	12	40	4	5	62	115
2007	서대문구	북아현3동	398	131	1,301	765	536	-	-	-	-	18	50	-	-	-	-	8	33	91	196	84	149	62	164	2	11	2	13	17	20	2	5	3	43	2	17	30	390	12	93	13	26	52	91
2007	서대문구	대신동	1,713	868	15,648	6,280	9,368	-	-	-	-	16	141	-	-	-	-	6	15	757	1,747	24	74	429	1,878	17	158	10	108	54	194	28	320	17	398	4	183	46	3,428	28	5,815	32	85	245	1,104
2007	서대문구	창천동	1,961	775	9,083	4,112	4,971	-	-	-	-	32	138	-	-	-	-	9	67	314	1,193	37	40	1,032	4,268	31	358	33	599	69	212	21	237	22	73	2	14	55	476	52	391	134	408	118	609
2007	서대문구	연희1동	759	281	2,970	1,655	1,315	-	-	-	-	36	174	-	-	-	-	33	227	218	749	111	350	131	413	8	46	12	101	27	64	11	60	11	122	1	14	30	255	18	157	17	31	95	207
2007	서대문구	연희2동	560	164	2,321	1,599	722	-	-	-	-	37	187	-	-	-	-	33	742	124	425	117	160	81	211	5	18	5	33	18	29	23	74	6	73	2	68	15	46	14	84	11	23	69	148
2007	서대문구	연희3동	776	194	3,773	2,113	1,660	-	-	-	-	24	83	-	-	1	3	11	58	115	359	336	336	87	293	4	53	2	30	33	78	16	188	5	32	3	969	42	654	19	369	14	127	64	141
2007	서대문구	홍제1동	767	277	2,486	1,223	1,263	-	-	-	-	30	153	-	-	-	-	21	79	173	496	140	211	131	373	5	38	10	123	41	88	9	43	4	11	1	14	46	317	39	260	23	75	94	205
2007	서대문구	홍제2동	344	130	873	425	448	-	-	-	-	16	81	-	-	-	-	14	30	51	141	65	67	33	84	2	15	1	11	34	103	4	6	-	-	1	13	38	154	13	48	8	18	64	102
2007	서대문구	홍제3동	1,240	501	3,760	1,740	2,020	-	-	-	-	62	181	1	17	-	-	14	102	396	891	163	172	222	537	4	45	10	105	48	110	7	22	6	61	2	221	70	488	52	347	31	48	152	413
2007	서대문구	홍제4동	577	234	1,729	923	806	-	-	-	-	12	113	1	187	-	-	12	46	116	289	79	91	84	211	4	39	5	36	49	145	13	56	3	7	2	15	48	141	31	112	22	68	96	173
2007	서대문구	홍은1동	536	194	1,611	814	797	-	-	-	-	17	51	-	-	-	-	8	30	186	449	54	54	84	158	16	122	2	5	29	124	1	1	3	100	2	80	38	184	13	90	12	35	71	128
2007	서대문구	홍은2동	581	196	1,167	657	510	-	-	-	-	25	54	-	-	-	-	5	6	117	213	158	230	76	155	-	-	3	27	26	63	4	23	-	-	2	35	33	78	21	110	17	28	94	145
2007	서대문구	홍은3동	1,810	381	6,112	3,814	2,298	-	-	-	-	60	330	-	-	1	21	29	171	199	525	970	1,647	194	1,027	9	53	4	42	50	168	14	38	8	48	2	25	80	1,278	30	339	36	141	124	259
2007	서대문구	남가좌1동	1,615	772	3,654	1,647	2,007	-	-	-	-	86	195	-	-	-	-	23	66	598	1,258	116	133	390	943	2	5	9	91	81	132	8	16	10	19	1	16	22	45	41	232	50	134	178	369
2007	서대문구	남가좌2동	1,418	536	3,902	2,035	1,867	-	-	-	-	57	154	-	-	3	77	30	69	292	567	254	281	288	646	7	18	8	57	76	112	6	15	10	118	2	94	82	947	47	214	58	153	198	380
2007	서대문구	북가좌1동	720	201	2,062	1,343	719	-	-	-	-	39	143	-	-	2	14	27	87	153	462	212	549	76	151	-	-	5	33	51	68	3	14	5	111	1	14	22	157	12	59	21	34	91	166
2007	서대문구	북가좌2동	1,399	499	3,780	2,233	1,547	-	-	-	-	71	335	1	15	-	-	35	241	222	530	351	907	215	491	6	84	5	58	101	198	13	24	6	19	3	31	93	222	56	239	45	89	176	297
2007	마포구	계	28,112	8,703	176,399	101,613	74,786	2	20	2	10	1,623	8,865	9	727	22	289	945	9,844	6,547	26,864	3,256	11,337	5,114	17,161	1,251	17,181	439	10,773	1,476	6,134	1,316	11,216	596	24,064	61	3,862	1,208	12,221	724	5,034	785	2,923	2,736	7,874
2007	마포구	아현1동	611	185	2,228	1,235	993	-	-	-	-	59	280	1	159	-	-	18	63	127	326	103	137	67	180	11	29	8	102	59	180	16	59	15	309	1	1	20	127	12	64	10	43	84	169
2007	마포구	아현2동	1,173	502	4,227	1,984	2,243	-	-	-	-	155	511	-	-	-	-	22	47	319	734	99	231	208	355	8	178	8	88	75	125	23	167	12	645	1	347	42	368	32	147	23	41	146	243
2007	마포구	공덕1동	735	210	4,097	2,313	1,784	-	-	-	-	149	616	-	-	-	-	11	152	130	368	81	100	109	332	22	1,190	10	64	31	53	52	251	6	67	4	584	16	45	14	75	15	36	85	164
2007	마포구	공덕2동	1,370	426	15,459	8,839	6,620	-	-	-	-	76	273	-	-	1	5	38	296	363	2,448	100	334	287	948	63	941	49	2,219	76	325	84	2,781	50	3,086	2	109	35	1,091	33	138	21	193	92	272
2007	마포구	신공덕동	645	183	3,659	2,230	1,429	-	-	-	-	30	136	-	-	-	-	12	544	141	452	87	177	75	169	28	297	13	114	43	194	45	181	23	579	3	111	26	119	32	379	17	28	70	179
2007	마포구	용강동	2,102	591	18,260	11,142	7,118	1	2	2	10	83	808	1	109	1	3	63	1,390	511	2,914	142	1,180	395	1,466	118	1,397	43	747	148	1,625	122	844	84	3,566	7	295	77	595	37	210	63	262	204	837
2007	마포구	대흥동	1,593	545	9,583	5,097	4,486	-	-	-	-	61	328	-	-	-	-	28	81	322	1,051	151	345	370	1,030	35	559	22	371	94	192	53	388	34	1,913	2	21	87	1,790	80	395	51	181	203	938
2007	마포구	염리동	774	274	4,396	2,562	1,834	-	-	-	-	47	216	-	-	-	-	9	25	174	424	109	378	137	293	22	395	6	1,050	63	146	12	174	12	395	2	19	45	527	20	103	18	38	98	213
2007	마포구	신수동	1,270	295	5,127	3,161	1,966	-	-	-	-	70	407	-	-	2	33	28	290	216	791	409	647	136	302	48	387	4	64	75	226	55	263	5	40	7	495	50	468	29	402	15	61	121	251
2007	마포구	서교동	3,553	1,043	26,456	14,231	12,225	1	18	-	-	183	1,259	-	-	-	-	142	1,749	734	3,973	203	1,238	910	3,964	322	3,340	67	1,645	96	317	301	2,079	83	4,380	5	130	91	524	59	351	117	516	239	973
2007	마포구	동교동	2,796	988	18,379	9,458	8,921	-	-	-	-	112	707	-	-	1	50	79	559	719	3,075	98	905	701	2,761	151	1,722	93	2,485	100	469	154	1,038	86	2,407	2	2	140	884	76	446	107	415	177	454
2007	마포구	합정동	1,649	455	8,523	5,180	3,343	-	-	-	-	97	535	-	-	2	26	109	1,598	368	1,561	220	683	282	678	85	715	18	217	81	202	87	527	27	313	1	25	50	342	34	655	40	72	148	374
2007	마포구	망원1동	1,320	428	3,453	1,922	1,531	-	-	-	-	88	279	-	-	1	3	56	255	315	811	201	261	215	530	15	81	9	83	67	125	18	55	6	86	3	100	54	123	46	228	54	150	172	283
2007	마포구	망원2동	1,183	383	3,316	1,815	1,501	-	-	-	-	66	213	-	-	2	8	39	148	315	868	213	342	168	383	14	84	5	58	56	95	25	169	5	46	2	24	60	426	34	143	42	89	137	220
2007	마포구	연남동	1,061	300	4,304	2,605	1,699	-	-	-	-	74	389	1	39	1	6	61	370	246	920	156	482	151	341	47	355	3	31	41	58	43	282	28	308	2	32	42	287	20	95	27	97	118	212
2007	마포구	성산1동	1,201	293	7,796	4,698	3,098	-	-	-	-	89	611	1	19	4	57	100	700	281	1,340	168	690	139	566	53	593	8	69	39	81	62	406	32	531	4	1,041	52	533	21	224	32	60	116	275
2007	마포구	성산2동	1,521	504	6,295	3,521	2,774	-	-	-	-	40	170	-	-	2	4	23	103	482	1,438	268	346	197	677	10	110	9	45	82	476	22	157	7	51	3	108	108	870	45	420	43	383	180	937
2007	마포구	상암동	709	215	8,543	6,431	2,112	-	-	-	-	32	205	1	48	2	86	13	92	122	632	129	1,736	100	297	54	3,236	15	274	68	395	16	444	11	186	5	174	50	391	18	108	11	58	62	181
2007	마포구	도화동	1,634	533	13,752	7,909	5,843	-	-	-	-	46	190	-	-	1	4	54	920	405	1,596	178	787	278	1,277	77	864	41	942	83	616	70	593	52	4,666	3	164	72	353	55	261	50	111	169	408
2007	마포구	서강동	1,212	350	8,546	5,280	3,266	-	-	-	-	66	732	4	353	2	4	40	462	257	1,142	141	338	189	612	68	708	8	105	99	234	56	358	18	490	2	80	91	2,358	27	190	29	89	115	291
2007	양천구	계	24,614	8,307	102,046	57,933	44,113	-	-	-	-	1,289	5,864	9	403	15	236	711	4,848	5,414	17,958	5,039	11,443	3,459	10,362	259	5,136	211	2,571	1,406	4,421	546	5,047	180	4,012	45	3,768	1,783	11,501	764	7,041	790	1,955	2,694	5,480
2007	양천구	목1동	2,387	798	21,776	12,968	8,808	-	-	-	-	70	414	1	15	3	32	62	1,155	712	4,438	116	316	430	2,470	158	3,994	55	844	137	956	119	2,854	56	1,157	3	307	146	1,255	82	695	69	266	168	608
2007	양천구	목2동	1,133	413	3,183	1,658	1,525	-	-	-	-	40	236	1	16	-	-	35	250	234	586	223	253	163	363	6	180	6	52	87	144	9	49	5	17	1	18	81	305	44	308	48	90	150	316
2007	양천구	목3동	1,157	451	2,979	1,438	1,541	-	-	-	-	53	164	-	-	-	-	33	104	297	717	159	178	196	461	6	15	9	91	61	95	18	159	7	49	2	82	60	266	57	239	53	96	146	263
2007	양천구	목4동	1,370	539	4,067	1,952	2,115	-	-	-	-	63	221	-	-	-	-	49	217	315	1,177	179	220	223	560	2	7	5	59	94	127	18	52	3	5	1	19	142	745	45	224	54	109	177	325
2007	양천구	목5동	837	354	4,055	2,047	2,008	-	-	-	-	12	30	-	-	-	-	20	74	187	638	29	37	114	547	13	356	21	350	84	526	15	49	7	24	2	74	192	816	37	150	28	193	76	191
2007	양천구	목6동	373	164	3,541	1,253	2,288	-	-	-	-	4	8	2	77	1	47	15	33	72	176	19	19	47	176	-	-	4	40	62	231	2	4	1	1	2	31	70	989	13	1,591	6	15	53	103
2007	양천구	신월1동	1,727	619	4,688	2,784	1,904	-	-	-	-	151	653	1	13	1	26	51	180	458	1,084	329	863	261	537	3	13	5	63	79	115	9	176	1	2	2	77	61	147	33	305	50	95	232	339
2007	양천구	신월2동	1,086	286	3,409	2,044	1,365	-	-	-	-	88	493	1	17	1	13	43	223	190	509	350	701	97	243	4	34	4	35	41	74	14	65	6	10	1	17	58	391	24	281	26	53	138	250
2007	양천구	신월3동	948	271	3,737	2,239	1,498	-	-	-	-	73	604	-	-	1	2	26	122	285	1,171	229	410	112	274	2	14	16	51	26	37	3	49	3	17	3	39	29	551	22	143	19	50	99	203
2007	양천구	신월4동	1,041	300	2,736	1,686	1,050	-	-	-	-	58	268	-	-	-	-	25	124	195	508	309	725	159	327	-	-	5	21	51	73	7	13	3	9	-	-	44	193	24	189	28	54	133	232
2007	양천구	신월5동	997	309	3,462	2,088	1,374	-	-	-	-	76	339	-	-	1	3	48	141	198	586	239	416	147	380	3	9	2	12	42	53	9	21	9	532	2	106	47	354	18	184	35	70	121	256
2007	양천구	신월6동	1,480	322	2,970	2,002	968	-	-	-	-	55	143	-	-	-	-	19	91	218	419	818	1,275	119	232	3	42	3	47	50	85	6	29	3	44	1	18	30	230	22	113	22	32	111	170
2007	양천구	신월7동	1,488	434	5,053	3,379	1,674	-	-	-	-	120	552	1	15	2	28	53	292	275	726	475	1,637	155	319	3	8	3	28	63	165	11	20	4	29	3	246	69	345	41	255	55	139	155	249
2007	양천구	신정1동	1,058	434	4,031	2,069	1,962	-	-	-	-	41	90	-	-	-	-	27	120	234	476	87	87	184	494	5	19	10	112	82	278	47	178	3	11	4	838	126	847	33	162	37	74	138	245
2007	양천구	신정2동	1,093	431	3,335	1,610	1,725	-	-	-	-	46	138	-	-	-	-	25	87	209	555	125	159	160	488	3	17	2	27	80	199	37	127	10	23	1	15	182	898	42	218	40	87	131	297
2007	양천구	신정3동	1,951	630	7,344	4,375	2,969	-	-	-	-	68	380	-	-	-	-	23	205	357	805	706	2,295	231	600	13	231	8	62	108	224	8	46	10	745	4	79	107	921	69	299	59	110	180	342
2007	양천구	신정4동	1,419	495	6,077	3,600	2,477	-	-	-	-	93	355	-	-	1	32	47	502	305	1,025	128	281	250	635	9	49	24	306	76	138	137	614	27	864	2	73	77	645	40	233	50	80	153	245
2007	양천구	신정5동	1,452	494	5,985	3,113	2,872	-	-	-	-	104	403	-	-	2	21	62	667	422	1,551	197	434	212	528	15	104	12	176	60	122	28	200	10	46	1	13	45	299	57	941	59	106	166	374
2007	양천구	신정6동	634	238	5,314	3,232	2,082	-	-	-	-	5	9	2	250	-	-	24	171	112	347	59	287	66	260	9	41	9	91	63	367	39	155	9	418	8	1,652	120	668	22	262	16	159	71	177
2007	양천구	신정7동	983	325	4,304	2,396	1,908	-	-	-	-	69	364	-	-	2	32	24	90	139	464	263	850	133	468	2	3	8	104	60	412	10	187	3	9	2	64	97	636	39	249	36	77	96	295
2007	강서구	계	29,376	9,399	136,781	78,344	58,437	1	1	1	2	1,347	9,043	6	396	40	692	822	6,194	6,864	25,369	6,579	31,336	4,630	13,565	192	2,282	253	4,077	1,599	5,507	394	2,623	195	5,390	58	3,258	1,395	10,586	843	6,621	1,016	2,486	3,141	7,353
2007	강서구	염창동	1,653	558	7,585	4,806	2,779	-	-	-	-	85	619	1	276	5	70	62	551	339	1,612	306	947	231	718	15	148	11	199	127	481	16	77	14	38	1	19	136	747	56	445	57	111	191	527
2007	강서구	등촌1동	1,557	497	8,799	5,488	3,311	-	-	-	-	139	1,380	-	-	3	22	71	696	350	1,730	207	697	267	724	30	190	18	366	94	290	59	572	15	456	5	291	44	271	41	313	48	124	166	677
2007	강서구	등촌2동	658	195	3,006	1,840	1,166	-	-	-	-	30	201	-	-	-	-	13	75	117	458	174	477	92	256	4	55	3	40	42	108	3	6	2	12	4	179	53	641	20	174	19	81	82	243
2007	강서구	등촌3동	1,976	557	14,354	8,442	5,912	-	-	1	2	83	1,154	-	-	1	16	69	811	439	2,460	433	1,277	263	1,209	38	656	49	787	94	457	40	264	22	1,982	2	88	148	1,767	68	592	57	233	169	599
2007	강서구	화곡본동	1,377	509	3,451	1,688	1,763	-	-	-	-	53	179	-	-	-	-	30	174	300	746	262	287	252	538	6	24	7	69	81	128	18	90	10	31	2	40	88	410	57	400	44	76	167	259
2007	강서구	화곡1동	1,323	502	3,395	1,785	1,610	-	-	-	-	57	276	-	-	-	-	39	232	230	608	203	248	411	1,032	6	26	3	12	50	95	13	79	3	6	2	24	29	74	35	198	102	201	140	284
2007	강서구	화곡2동	819	299	1,926	975	951	-	-	-	-	27	133	1	16	-	-	13	25	284	760	169	192	92	154	-	-	-	-	40	53	6	8	-	-	1	14	41	230	22	123	17	51	106	167
2007	강서구	화곡3동	1,130	428	3,849	1,625	2,224	-	-	-	-	45	217	1	15	-	-	29	103	227	790	171	197	193	517	6	17	23	505	80	246	13	165	7	21	1	14	80	284	50	332	66	131	138	295
2007	강서구	화곡4동	1,435	544	3,623	1,990	1,633	-	-	-	-	82	259	-	-	1	11	23	66	434	1,240	198	260	272	522	2	9	4	47	72	97	9	37	3	4	2	70	57	406	42	233	65	106	169	256
2007	강서구	화곡5동	770	232	2,630	1,269	1,361	-	-	-	-	32	120	-	-	-	-	25	145	153	493	173	214	82	182	6	12	10	164	60	132	7	21	9	20	1	17	43	322	28	414	38	98	103	276
2007	강서구	화곡6동	1,589	575	10,215	5,318	4,897	-	-	-	-	55	259	-	-	1	43	44	357	272	1,748	162	548	462	1,641	15	94	63	1,214	77	466	69	255	17	533	9	1,499	55	616	44	406	82	169	162	367
2007	강서구	화곡7동	1,449	528	3,753	1,751	2,002	-	-	-	-	103	426	-	-	3	9	53	173	336	726	247	277	242	609	3	23	2	31	86	143	12	39	2	3	1	13	77	554	39	360	50	89	193	278
2007	강서구	화곡8동	1,191	462	2,435	1,178	1,257	-	-	-	-	47	87	-	-	-	-	21	57	297	600	227	242	187	417	3	156	6	65	82	114	8	27	5	16	1	18	45	115	47	204	49	79	166	238
2007	강서구	가양1동	2,263	289	8,116	6,219	1,897	1	1	-	-	84	942	-	-	8	295	31	354	290	1,632	1,378	2,566	142	468	12	232	8	54	58	269	6	35	10	86	1	17	44	374	18	83	31	128	141	580
2007	강서구	가양2동	620	223	2,457	1,186	1,271	-	-	-	-	15	157	-	-	-	-	13	44	176	624	144	190	80	236	2	8	2	29	38	192	8	24	1	1	1	19	19	314	33	264	22	137	66	218
2007	강서구	가양3동	594	101	3,277	2,244	1,033	-	-	-	-	54	908	-	-	1	3	15	246	64	533	273	325	40	149	5	63	-	-	22	141	12	124	2	5	3	236	34	293	17	110	6	30	46	111
2007	강서구	발산1동	1,673	494	7,614	4,650	2,964	-	-	-	-	68	329	-	-	7	121	45	221	795	2,511	192	965	160	782	2	7	10	100	80	173	23	70	7	156	4	172	88	1,092	39	562	32	67	121	286
2007	강서구	발산2동	843	288	3,270	1,844	1,426	-	-	-	-	24	105	1	79	-	-	32	403	166	574	169	289	114	484	6	33	9	84	72	225	10	194	1	3	1	19	83	338	31	175	24	83	100	182
2007	강서구	공항동	1,892	601	25,116	13,223	11,893	-	-	-	-	103	570	-	-	5	54	75	568	522	2,559	384	16,342	334	1,072	20	241	8	116	78	879	15	110	34	1,081	8	269	37	315	31	360	57	183	181	397
2007	강서구	방화1동	1,952	666	7,037	3,875	3,162	-	-	-	-	81	436	-	-	2	5	50	305	443	1,233	423	1,894	299	750	3	152	6	76	126	305	18	103	15	173	1	13	93	595	70	430	67	132	255	435
2007	강서구	방화2동	1,720	624	6,989	4,452	2,537	-	-	-	-	66	236	-	-	3	43	53	541	509	1,357	300	1,519	321	847	4	117	7	43	81	233	16	63	12	611	3	104	54	408	33	293	66	128	192	446
2007	강서구	방화3동	892	227	3,884	2,496	1,388	-	-	-	-	14	50	2	10	-	-	16	47	121	375	384	1,383	94	258	4	19	4	76	59	280	13	260	4	152	4	123	47	420	22	150	17	49	87	232
2007	구로구	계	29,778	7,806	147,741	93,649	54,092	-	-	-	-	3,815	23,033	8	325	16	146	733	6,099	8,893	28,575	4,391	8,783	4,017	10,587	992	20,285	222	3,155	1,171	5,573	718	9,050	272	8,184	47	3,492	893	8,162	645	5,344	754	1,631	2,191	5,317
2007	구로구	신도림동	1,936	439	7,693	5,499	2,194	-	-	-	-	767	2,395	1	13	2	16	42	950	298	1,179	202	354	174	497	7	98	14	157	105	297	29	411	10	52	3	69	88	610	43	212	30	87	121	296
2007	구로구	구로1동	626	220	2,179	1,296	883	-	-	-	-	37	187	-	-	1	2	17	65	92	262	180	495	77	200	3	10	2	23	49	224	5	8	2	15	2	24	48	404	21	81	20	35	70	144
2007	구로구	구로2동	1,063	438	4,421	2,097	2,324	-	-	-	-	67	241	1	15	1	35	37	307	256	570	71	118	270	571	5	18	5	39	48	64	41	390	18	45	2	19	20	103	32	1,560	41	92	148	234
2007	구로구	구로3동	3,943	707	57,980	38,588	19,392	-	-	-	-	836	12,084	-	-	2	7	95	1,267	618	5,241	214	884	484	2,045	803	19,101	65	1,400	136	2,511	329	6,096	65	4,866	4	187	61	993	53	324	64	189	114	785
2007	구로구	구로4동	927	437	1,906	861	1,045	-	-	-	-	49	96	-	-	-	-	10	19	338	565	70	179	202	348	6	17	4	51	34	91	5	10	8	42	2	15	24	73	44	188	32	60	99	152
2007	구로구	구로5동	3,260	665	14,515	9,365	5,150	-	-	-	-	140	664	1	14	1	2	104	1,214	688	3,242	1,162	2,266	418	1,360	86	599	22	251	121	694	101	1,017	37	1,327	5	136	66	562	59	460	64	153	185	554
2007	구로구	구로6동	884	333	3,001	1,505	1,496	-	-	-	-	30	130	1	160	1	2	27	135	208	592	84	126	190	476	16	74	7	69	52	142	19	146	20	162	1	14	46	332	28	147	46	84	108	210
2007	구로구	구로본동	5,715	914	19,968	13,373	6,595	-	-	-	-	701	2,187	-	-	-	-	121	848	3,717	10,265	185	417	360	831	28	110	39	481	110	322	105	552	51	1,214	5	1,486	36	304	33	248	41	62	183	641
2007	구로구	가리봉1동	750	309	1,873	905	968	-	-	-	-	43	159	-	-	-	-	8	38	206	446	71	88	214	464	3	8	5	28	29	37	5	12	8	29	1	12	12	85	19	165	52	130	74	172
2007	구로구	가리봉2동	225	84	597	255	342	-	-	-	-	12	37	-	-	-	-	5	15	55	162	37	47	56	127	-	-	1	7	9	13	-	-	5	20	1	10	5	70	5	27	10	24	24	38
2007	구로구	고척1동	2,371	593	8,758	5,834	2,924	-	-	-	-	551	1,492	2	91	3	23	98	522	708	1,591	258	313	302	758	8	28	13	200	59	290	19	138	8	75	5	1,237	59	1,100	37	423	76	160	165	317
2007	구로구	고척2동	1,394	480	3,461	1,751	1,710	-	-	-	-	133	470	-	-	-	-	28	102	349	733	271	297	199	378	2	4	5	45	62	113	13	103	8	40	2	35	82	531	46	230	40	118	154	262
2007	구로구	개봉1동	713	231	1,511	752	759	-	-	-	-	59	179	1	16	-	-	15	41	130	303	191	198	103	205	1	1	1	6	29	52	4	5	2	2	1	16	33	194	21	111	32	47	90	135
2007	구로구	개봉2동	1,056	390	2,384	1,144	1,240	-	-	-	-	27	53	-	-	3	23	24	60	184	407	249	276	175	468	5	24	10	85	77	186	8	22	2	5	1	14	75	237	46	210	38	80	132	234
2007	구로구	개봉3동	890	307	2,238	1,132	1,106	-	-	-	-	29	72	-	-	-	-	16	54	182	463	216	257	152	310	2	77	3	43	52	104	7	10	1	2	2	13	57	423	28	148	32	53	111	209
2007	구로구	개봉본동	953	321	3,286	1,738	1,548	-	-	-	-	54	228	1	16	-	-	28	108	239	771	172	442	168	464	2	7	6	84	49	86	13	55	11	36	2	13	43	382	33	267	30	51	102	276
2007	구로구	오류1동	993	367	3,012	1,518	1,494	-	-	-	-	37	218	-	-	1	19	16	129	243	558	168	224	208	538	5	13	9	100	51	164	9	20	8	227	2	77	33	204	47	216	47	98	109	207
2007	구로구	오류2동	1,111	330	4,638	3,115	1,523	-	-	-	-	126	666	-	-	1	17	28	137	238	819	286	1,141	134	254	5	39	5	41	61	131	4	39	2	3	2	16	62	870	28	186	31	63	98	216
2007	구로구	수궁동	968	241	4,320	2,921	1,399	-	-	-	-	117	1,475	-	-	-	-	14	88	144	406	304	661	131	293	5	57	6	45	38	52	2	16	6	22	4	99	43	685	22	141	28	45	104	235
2007	금천구	계	22,060	5,914	141,687	91,286	50,401	-	-	-	-	4,304	44,377	4	46	20	232	701	5,376	6,141	24,252	2,313	7,135	2,880	7,770	773	17,612	120	1,577	674	2,450	683	13,456	152	2,751	22	1,990	536	4,370	447	2,783	540	1,295	1,750	4,215
2007	금천구	가산동	6,285	1,177	81,221	56,134	25,087	-	-	-	-	1,931	29,105	-	-	2	23	190	2,879	1,567	11,315	278	1,979	613	2,287	720	16,472	33	623	129	1,205	435	12,039	54	1,611	3	65	33	255	43	400	84	244	170	719
2007	금천구	독산1동	3,016	816	19,345	12,520	6,825	-	-	-	-	870	8,554	-	-	10	151	53	496	750	3,292	338	2,067	414	1,148	19	646	16	191	90	281	43	279	17	169	2	91	55	613	48	348	70	157	221	862
2007	금천구	독산2동	1,210	430	3,140	1,585	1,555	-	-	-	-	108	429	1	14	1	4	50	198	271	691	195	336	193	407	-	-	5	46	55	85	9	18	4	8	2	23	59	312	48	210	37	99	172	260
2007	금천구	독산3동	2,103	732	6,998	3,268	3,730	-	-	-	-	281	1,646	1	5	1	1	70	263	567	1,199	209	405	345	745	4	21	14	195	89	163	69	314	15	63	4	225	66	649	52	379	70	162	246	563
2007	금천구	독산4동	1,054	376	3,200	1,571	1,629	-	-	-	-	139	743	1	14	2	5	30	82	200	411	160	206	221	606	2	260	5	67	41	62	9	22	5	25	2	39	32	147	26	154	46	147	133	210
2007	금천구	시흥1동	2,790	1,060	11,463	6,067	5,396	-	-	-	-	269	1,831	-	-	1	3	86	510	733	2,090	269	579	609	1,560	11	52	21	284	99	231	40	531	21	93	3	1,396	95	751	92	584	115	250	326	718
2007	금천구	시흥2동	505	143	1,713	784	929	-	-	-	-	10	33	-	-	-	-	7	45	60	131	192	196	38	85	-	-	4	40	35	157	1	1	-	-	1	20	55	680	37	196	3	9	62	120
2007	금천구	시흥3동	3,014	466	9,589	6,847	2,742	-	-	-	-	561	1,558	1	13	3	45	174	784	1,573	4,239	200	571	144	320	14	135	12	77	45	106	64	222	33	777	1	13	20	337	18	88	24	38	127	266
2007	금천구	시흥4동	889	270	1,854	971	883	-	-	-	-	53	180	-	-	-	-	20	47	143	283	294	299	91	186	2	5	4	17	38	74	3	5	1	3	2	81	55	311	25	114	26	47	132	202
2007	금천구	시흥5동	1,194	444	3,164	1,539	1,625	-	-	-	-	82	298	-	-	-	-	21	72	277	601	178	497	212	426	1	21	6	37	53	86	10	25	2	2	2	37	66	315	58	310	65	142	161	295
2007	영등포구	계	38,134	10,765	283,468	178,177	105,291	1	2	2	9	4,920	23,856	10	841	18	503	1,302	14,163	10,762	44,304	2,955	8,819	6,272	20,788	1,203	27,380	729	36,100	1,687	8,052	1,390	25,275	633	32,592	66	7,860	1,097	7,943	815	9,873	995	3,691	3,277	11,417
2007	영등포구	영등포1동	623	225	2,894	1,168	1,726	-	-	-	-	21	62	-	-	1	20	6	12	124	598	99	137	149	614	2	53	3	19	37	126	7	19	7	673	2	14	30	231	27	109	37	76	71	131
2007	영등포구	영등포2동	4,226	1,314	16,639	9,321	7,318	-	-	-	-	514	1,087	1	94	2	16	157	725	1,786	4,332	65	196	825	2,682	25	312	95	2,527	94	661	36	281	71	715	5	310	63	520	80	872	139	530	268	779
2007	영등포구	영등포3동	1,473	392	8,605	4,864	3,741	-	-	-	-	100	448	-	-	-	-	53	818	567	2,223	74	131	221	533	16	490	31	601	54	128	35	356	19	521	2	22	44	218	41	1,187	43	95	173	834
2007	영등포구	여의동	6,782	1,843	124,610	81,102	43,508	1	2	2	9	184	3,670	4	477	6	99	203	3,978	1,632	10,377	107	1,723	1,409	7,651	701	19,774	373	28,776	391	3,481	627	16,797	254	15,145	13	3,943	138	1,229	135	2,485	119	1,279	483	3,715
2007	영등포구	당산1동	2,921	784	14,823	9,356	5,467	-	-	-	-	288	815	-	-	-	-	110	1,317	1,036	3,215	165	479	504	1,136	58	377	57	1,616	94	342	171	1,319	49	1,081	7	1,771	34	155	40	427	73	143	235	630
2007	영등포구	당산2동	1,962	618	11,915	7,178	4,737	-	-	-	-	134	1,076	-	-	2	299	108	1,077	511	2,075	177	587	285	968	50	331	41	905	148	619	64	589	39	1,180	4	134	124	909	66	372	51	215	158	579
2007	영등포구	도림1동	382	126	843	457	386	-	-	-	-	28	96	-	-	-	-	18	72	70	154	68	80	62	141	-	-	1	12	13	21	5	11	1	2	1	11	22	79	12	43	15	27	66	94
2007	영등포구	도림2동	646	192	1,895	1,221	674	-	-	-	-	53	165	-	-	-	-	25	181	157	378	115	266	98	238	9	130	2	11	40	90	7	29	2	39	1	11	27	161	8	16	25	52	77	128
2007	영등포구	문래1동	3,364	552	25,803	17,725	8,078	-	-	-	-	1,366	4,903	2	132	2	46	76	1,183	963	5,570	86	352	272	906	142	3,571	29	454	69	324	109	1,192	39	5,548	5	229	48	500	31	213	42	227	83	453
2007	영등포구	문래2동	1,437	206	7,388	5,617	1,771	-	-	-	-	755	1,975	-	-	-	-	16	53	216	2,858	115	538	114	347	16	160	6	62	54	288	16	530	9	76	1	25	26	166	10	40	13	27	70	243
2007	영등포구	양평1동	2,053	428	17,103	11,127	5,976	-	-	-	-	525	2,712	-	-	2	14	86	1,757	531	2,529	185	837	238	550	60	778	10	83	90	511	88	1,953	22	4,105	3	199	33	350	24	279	26	47	130	399
2007	영등포구	양평2동	1,622	400	12,753	8,408	4,345	-	-	-	-	262	2,937	1	85	3	9	62	695	380	1,846	191	1,267	228	636	47	815	11	105	89	325	72	860	18	1,154	3	369	59	504	23	241	33	160	140	745
2007	영등포구	신길1동	1,270	467	4,591	1,951	2,640	-	-	-	-	66	178	-	-	-	-	18	68	325	1,327	216	232	246	539	9	34	7	114	66	143	11	285	4	243	2	54	62	317	36	696	47	111	155	250
2007	영등포구	신길2동	438	161	1,454	806	648	-	-	-	-	26	76	-	-	-	-	14	46	123	365	37	42	85	177	6	57	3	17	21	31	3	11	4	8	2	68	18	282	16	144	15	29	65	101
2007	영등포구	신길3동	1,233	448	3,228	1,815	1,413	-	-	-	-	65	170	-	-	-	-	37	158	393	822	198	220	181	370	4	20	11	138	62	134	6	13	4	417	1	19	48	221	41	164	35	66	147	296
2007	영등포구	신길4동	577	223	1,463	713	750	-	-	-	-	31	129	1	39	-	-	18	55	136	324	55	61	109	186	3	33	5	55	36	74	4	5	1	1	1	10	34	164	22	89	20	47	101	191
2007	영등포구	신길5동	655	182	2,100	1,324	776	-	-	-	-	37	125	-	-	-	-	28	238	158	426	168	346	100	246	2	12	1	5	23	39	2	10	5	26	1	13	17	280	11	79	21	79	81	176
2007	영등포구	신길6동	1,295	422	4,498	2,445	2,053	-	-	-	-	66	580	-	-	-	-	49	182	300	789	197	221	196	520	6	131	5	53	97	260	34	367	8	120	4	245	71	388	48	231	47	100	167	311
2007	영등포구	신길7동	669	224	3,223	1,762	1,461	-	-	-	-	30	225	-	-	-	-	19	86	168	553	82	103	125	486	9	61	5	65	31	108	15	239	10	470	3	296	40	207	26	106	23	45	83	173
2007	영등포구	대림1동	1,176	462	4,464	1,950	2,514	-	-	-	-	82	297	-	-	-	-	41	178	338	824	128	151	220	496	12	60	11	261	48	113	12	41	13	94	1	15	44	242	35	1,366	46	86	145	240
2007	영등포구	대림2동	1,244	472	4,226	2,252	1,974	-	-	-	-	89	699	-	-	-	-	26	115	329	905	133	228	269	585	6	23	8	64	59	96	20	55	19	341	2	19	36	251	43	453	42	89	163	303
2007	영등포구	대림3동	2,086	624	8,950	5,615	3,335	-	-	-	-	198	1,431	1	14	-	-	132	1,169	519	1,814	294	622	336	781	20	158	14	157	71	138	46	313	35	633	2	83	79	569	40	261	83	161	216	646
2007	동작구	계	20,369	7,457	100,399	53,786	46,613	-	-	1	9	836	3,740	6	467	8	132	561	5,228	5,413	15,550	2,557	3,796	3,790	10,606	188	3,534	194	4,101	1,285	3,799	344	4,746	227	15,328	41	3,009	1,083	12,580	683	6,244	789	2,262	2,363	5,268
2007	동작구	노량진1동	2,640	970	8,172	4,684	3,488	-	-	-	-	24	37	1	17	-	-	21	56	1,364	2,923	122	158	567	1,673	14	49	11	126	86	205	15	44	16	149	5	599	97	1,269	39	163	150	461	108	243
2007	동작구	노량진2동	1,159	475	4,983	2,771	2,212	-	-	-	-	58	149	-	-	1	22	20	49	308	752	79	145	300	758	7	245	10	239	65	111	22	105	15	259	3	931	48	432	30	400	47	117	146	269
2007	동작구	상도1동	739	249	2,440	1,224	1,216	-	-	-	-	30	88	-	-	-	-	17	129	173	576	135	165	127	405	7	103	3	31	47	105	13	52	8	31	1	1	55	284	23	253	19	35	81	182
2007	동작구	상도2동	1,339	512	4,229	2,205	2,024	-	-	-	-	73	263	1	81	1	32	39	211	311	868	166	203	241	551	7	26	12	126	125	265	29	148	5	62	4	178	58	435	61	365	52	151	154	264
2007	동작구	상도3동	1,047	395	2,970	1,463	1,507	-	-	-	-	60	171	-	-	-	-	47	151	255	734	191	332	134	355	-	-	6	52	58	139	6	30	6	55	3	110	51	203	48	302	39	84	143	252
2007	동작구	상도4동	1,041	354	2,702	1,386	1,316	-	-	-	-	49	185	-	-	1	3	35	122	203	465	250	313	133	305	1	9	3	31	75	142	11	28	2	9	1	15	66	394	41	331	36	81	134	269
2007	동작구	상도5동	843	309	3,764	2,292	1,472	-	-	-	-	37	250	-	-	-	-	17	133	153	345	87	101	216	515	14	95	4	43	62	113	11	57	8	185	3	40	57	1,461	23	102	58	117	93	207
2007	동작구	본동	465	181	1,364	714	650	-	-	-	-	28	94	1	10	-	-	12	81	123	307	66	69	67	144	2	13	3	28	42	94	7	18	1	1	2	70	26	200	11	87	11	24	63	124
2007	동작구	흑석1동	817	316	7,206	3,963	3,243	-	-	-	-	17	124	1	18	1	27	23	129	148	367	80	142	251	736	13	83	4	20	37	63	10	32	23	393	2	29	52	3,563	22	1,061	39	147	94	272
2007	동작구	흑석2동	377	161	1,037	544	493	-	-	-	-	19	45	-	-	-	-	11	77	95	180	40	43	60	167	1	6	3	27	39	166	3	7	3	32	-	-	27	123	11	40	11	22	54	102
2007	동작구	흑석3동	383	176	736	325	411	-	-	-	-	18	33	-	-	-	-	8	19	117	236	70	74	49	91	-	-	3	39	21	46	-	-	-	-	-	-	16	34	12	56	3	8	66	100
2007	동작구	동작동	683	233	2,097	1,165	932	-	-	-	-	35	179	-	-	-	-	20	51	219	531	94	119	77	209	4	57	2	14	43	99	6	20	6	24	1	17	35	357	22	109	17	35	102	276
2007	동작구	사당1동	1,717	632	8,598	4,441	4,157	-	-	-	-	64	244	1	180	-	-	73	611	370	1,489	144	203	347	971	23	149	64	1,466	123	312	56	432	32	1,246	2	72	77	341	60	301	69	163	212	418
2007	동작구	사당2동	851	361	2,725	1,174	1,551	-	-	-	-	13	19	-	-	-	-	16	67	171	578	43	77	279	939	6	30	8	67	58	113	11	43	7	14	1	13	36	148	58	264	50	129	94	224
2007	동작구	사당3동	1,082	366	3,874	1,965	1,909	-	-	-	-	48	123	-	-	1	13	39	176	232	594	191	245	134	312	12	85	4	40	79	236	18	108	10	653	2	78	74	669	33	157	31	61	174	324
2007	동작구	사당4동	712	258	1,611	881	730	-	-	-	-	42	112	-	-	-	-	18	78	186	388	116	141	92	203	3	35	3	28	49	78	4	6	2	7	1	12	34	130	33	169	31	59	98	165
2007	동작구	사당5동	542	174	1,566	786	780	-	-	-	-	29	85	-	-	-	-	21	102	119	260	107	119	50	122	6	34	1	5	42	78	7	49	6	96	1	13	36	339	14	62	6	64	97	138
2007	동작구	대방동	1,638	540	14,968	8,832	6,136	-	-	-	-	74	380	-	-	-	-	58	2,220	385	1,399	206	559	250	872	24	354	15	619	97	303	60	1,017	37	4,492	3	91	146	1,505	49	377	44	141	190	639
2007	동작구	신대방1동	983	377	5,265	2,762	2,503	-	-	1	9	53	204	-	-	1	4	28	121	249	1,079	115	169	154	411	13	100	16	556	69	370	14	92	14	1,111	1	14	57	330	49	277	32	68	117	350
2007	동작구	신대방2동	1,311	418	20,092	10,209	9,883	-	-	-	-	65	955	1	161	2	31	38	645	232	1,479	255	419	262	867	31	2,061	19	544	68	761	41	2,458	26	6,509	5	726	35	363	44	1,368	44	295	143	450
2007	관악구	계	25,873	9,183	97,938	52,633	45,305	-	-	1	24	1,366	7,231	4	70	16	222	729	5,291	5,516	15,249	4,102	6,681	5,483	16,418	227	3,458	194	2,161	1,418	3,398	377	2,848	194	3,206	61	3,624	1,211	13,314	823	4,956	1,133	3,247	3,018	6,540
2007	관악구	봉천본동	1,201	436	4,583	2,569	2,014	-	-	-	-	119	642	-	-	1	11	40	212	267	775	107	458	240	562	17	170	12	143	66	140	27	137	8	162	4	120	59	300	32	283	36	65	166	403
2007	관악구	봉천1동	1,195	431	5,590	2,813	2,777	-	-	-	-	67	332	1	19	-	-	37	277	273	1,429	193	674	243	665	10	426	8	86	62	139	14	63	4	91	3	20	61	547	41	308	38	83	140	431
2007	관악구	봉천2동	317	97	894	458	436	-	-	-	-	18	90	-	-	-	-	9	30	48	97	82	84	32	88	4	14	1	2	26	40	3	86	3	11	1	13	27	211	7	39	4	6	52	83
2007	관악구	봉천3동	435	163	1,009	518	491	-	-	-	-	17	61	-	-	-	-	9	30	88	169	91	91	51	100	-	-	2	23	39	81	1	2	2	5	2	16	43	111	18	123	11	43	61	154
2007	관악구	봉천4동	1,184	462	6,742	3,955	2,787	-	-	-	-	39	197	-	-	1	2	39	318	298	852	93	136	305	1,048	19	362	12	81	84	246	29	93	9	114	5	2,083	45	491	27	262	54	138	125	319
2007	관악구	봉천5동	493	180	1,326	679	647	-	-	-	-	19	36	-	-	-	-	10	17	82	180	130	209	54	150	-	-	3	25	28	73	5	10	-	-	1	16	50	287	27	108	18	85	66	130
2007	관악구	봉천6동	1,339	494	4,670	2,398	2,272	-	-	-	-	53	221	-	-	4	79	33	335	309	851	157	184	253	689	13	71	13	158	85	226	25	146	9	13	2	20	84	659	74	494	44	100	181	424
2007	관악구	봉천7동	1,050	394	5,743	3,669	2,074	-	-	-	-	59	603	-	-	-	-	41	984	202	613	80	391	305	1,038	20	241	12	96	50	149	31	611	9	22	2	93	35	339	31	205	61	155	112	203
2007	관악구	봉천8동	909	343	2,853	1,385	1,468	-	-	-	-	51	219	-	-	2	42	26	119	276	711	98	123	130	326	7	90	8	73	58	100	11	58	5	9	2	20	43	473	35	181	21	39	136	270
2007	관악구	봉천9동	395	117	1,146	558	588	-	-	-	-	12	37	-	-	-	-	13	72	54	118	135	136	29	96	1	2	2	16	26	75	-	-	-	-	2	72	33	285	24	105	10	26	54	106
2007	관악구	봉천10동	1,528	396	5,125	2,477	2,648	-	-	-	-	73	259	1	16	-	-	43	257	223	746	534	559	214	594	9	226	14	209	75	185	22	134	11	626	2	13	69	616	56	320	29	80	153	285
2007	관악구	봉천11동	1,051	385	3,672	1,967	1,705	-	-	-	-	49	612	-	-	1	7	33	209	237	617	161	167	161	371	8	329	9	141	71	186	22	88	2	4	2	22	60	296	54	226	40	109	141	288
2007	관악구	남현동	821	287	4,932	2,737	2,195	-	-	1	24	20	118	-	-	3	37	14	320	141	549	104	115	229	1,071	9	46	14	207	41	90	30	712	9	689	4	146	56	297	23	126	33	131	90	254
2007	관악구	신림본동	1,114	386	5,027	2,353	2,674	-	-	-	-	19	75	-	-	-	-	27	217	191	717	125	176	373	1,570	17	83	11	174	49	213	23	92	14	376	3	83	39	287	39	302	79	327	105	335
2007	관악구	신림1동	914	354	2,431	1,196	1,235	-	-	-	-	67	303	1	17	-	-	15	29	261	496	116	126	134	284	3	56	3	31	46	78	17	59	-	-	3	159	55	321	30	165	34	60	129	247
2007	관악구	신림2동	931	324	2,823	1,633	1,190	-	-	-	-	34	140	-	-	-	-	21	131	172	445	168	404	225	535	7	26	5	36	48	113	7	19	9	27	2	78	51	358	29	155	52	147	101	209
2007	관악구	신림3동	500	157	1,237	665	572	-	-	-	-	12	34	-	-	-	-	10	10	92	198	144	146	52	149	-	-	4	41	21	29	2	4	-	-	2	13	30	252	30	151	26	66	75	144
2007	관악구	신림4동	1,358	467	4,419	2,366	2,053	-	-	-	-	118	599	-	-	1	15	73	389	360	939	130	195	233	558	11	322	4	97	67	123	25	117	13	80	2	18	65	426	27	135	50	93	179	313
2007	관악구	신림5동	1,855	857	6,434	3,119	3,315	-	-	-	-	58	262	-	-	-	-	40	411	496	1,190	83	127	600	1,923	14	409	16	141	108	251	15	48	22	450	2	37	38	123	58	302	114	262	191	498
2007	관악구	신림6동	631	266	1,129	518	611	-	-	-	-	32	53	-	-	-	-	18	18	246	424	83	83	111	213	2	13	3	24	29	44	2	3	2	8	1	15	6	68	8	45	9	15	79	103
2007	관악구	신림7동	315	98	1,359	732	627	-	-	-	-	14	203	-	-	1	10	4	8	48	97	110	347	34	67	-	-	5	38	26	145	-	-	-	-	1	13	20	252	13	93	4	10	35	76
2007	관악구	신림8동	1,989	589	6,635	3,759	2,876	-	-	-	-	212	1,004	1	18	2	19	82	418	397	1,123	366	561	353	916	24	399	18	158	83	139	42	199	29	138	3	378	51	251	38	336	84	184	204	394
2007	관악구	신림9동	1,737	715	10,157	5,702	4,455	-	-	-	-	15	74	-	-	-	-	9	19	222	570	102	361	811	2,601	19	108	6	67	114	224	5	55	22	49	2	15	49	4,813	26	105	215	844	120	252
2007	관악구	신림10동	568	143	1,347	763	584	-	-	-	-	13	93	-	-	-	-	12	67	73	131	233	257	51	86	2	9	1	11	38	104	1	2	1	2	2	14	40	329	20	116	10	17	71	109
2007	관악구	신림11동	687	190	3,355	2,026	1,329	-	-	-	-	69	520	-	-	-	-	36	316	160	596	127	142	70	211	9	50	4	29	27	94	11	78	7	301	2	89	44	554	18	96	25	85	78	194
2007	관악구	신림12동	862	294	2,226	1,067	1,159	-	-	-	-	75	340	-	-	-	-	19	56	181	400	221	288	134	384	1	1	3	41	32	67	6	12	3	28	3	44	37	196	25	129	21	55	101	185
2007	관악구	신림13동	494	158	1,074	551	523	-	-	-	-	32	104	-	-	-	-	16	22	119	216	129	141	56	123	1	5	1	13	19	44	1	20	1	1	1	14	21	172	13	46	11	22	73	131
2007	서초구	계	36,266	10,311	308,178	192,895	115,283	2	6	5	21	1,505	16,943	13	285	13	148	2,093	39,206	10,675	57,674	1,281	6,617	5,437	25,086	1,243	22,796	651	11,554	2,451	14,316	3,832	38,760	648	28,797	67	8,848	1,505	13,082	1,019	9,637	968	3,744	2,858	10,658
2007	서초구	서초1동	2,708	587	28,519	18,551	9,968	-	-	-	-	98	1,313	-	-	-	-	160	4,781	850	5,148	63	300	365	1,541	131	2,347	43	636	179	1,360	349	3,889	65	4,019	4	119	88	1,543	73	475	51	263	189	785
2007	서초구	서초2동	2,917	785	32,794	19,970	12,824	-	-	-	-	99	1,536	2	150	1	24	174	2,339	757	5,541	56	301	413	2,071	143	3,769	136	3,081	258	1,550	254	2,888	86	5,168	9	1,501	164	1,252	96	626	67	236	202	761
2007	서초구	서초3동	5,595	1,112	56,845	34,565	22,280	2	6	-	-	226	2,849	1	20	4	46	290	3,727	1,141	7,804	96	769	853	3,989	276	4,984	91	2,563	310	1,804	1,423	10,311	123	7,663	12	5,212	139	1,780	96	835	152	715	360	1,768
2007	서초구	서초4동	2,345	774	20,374	11,532	8,842	-	-	-	-	36	283	-	-	-	-	53	2,522	467	2,933	14	101	459	3,159	42	392	46	577	187	1,548	414	3,664	64	1,545	2	21	199	1,678	160	1,077	63	206	139	668
2007	서초구	잠원동	1,527	525	11,887	7,163	4,724	-	-	1	3	44	673	2	16	1	1	80	2,091	275	1,867	32	73	374	1,522	54	898	29	390	171	1,031	107	1,345	27	555	3	38	77	576	46	212	57	195	147	401
2007	서초구	반포본동	606	332	2,157	1,006	1,151	-	-	-	-	8	21	1	14	-	-	17	47	223	403	7	7	98	302	4	68	13	124	38	210	9	47	4	13	1	13	70	649	26	73	15	27	72	139
2007	서초구	반포1동	1,011	390	6,113	3,532	2,581	-	-	-	-	27	291	-	-	-	-	21	216	250	1,451	29	34	212	708	18	196	12	142	96	653	52	970	19	531	1	13	33	250	38	186	55	131	148	341
2007	서초구	반포2동	275	115	1,402	799	603	-	-	-	-	8	16	-	-	-	-	13	31	63	141	8	9	23	68	2	73	3	21	37	214	4	7	2	5	3	117	47	314	11	27	7	197	44	162
2007	서초구	반포3동	889	355	6,374	3,803	2,571	-	-	-	-	12	146	1	5	-	-	23	1,394	275	815	21	59	98	441	7	254	23	322	113	568	27	152	9	640	2	89	89	464	72	539	21	81	96	405
2007	서초구	반포4동	2,813	1,176	20,303	10,413	9,890	-	-	-	-	91	552	-	-	1	3	59	872	1,553	4,905	33	587	389	3,431	32	920	39	450	119	850	117	1,125	19	1,596	3	150	108	1,213	52	2,537	55	510	143	602
2007	서초구	방배본동	1,315	436	6,636	4,126	2,510	-	-	-	-	78	636	-	-	1	6	79	716	374	1,716	37	102	242	824	28	228	16	241	93	366	49	372	18	426	2	73	62	256	29	178	53	133	154	363
2007	서초구	방배1동	1,426	434	9,917	5,762	4,155	-	-	1	5	59	365	-	-	-	-	96	1,260	321	2,059	64	127	255	848	67	1,301	16	220	107	435	102	1,007	20	1,178	2	45	48	263	61	303	69	155	138	346
2007	서초구	방배2동	1,977	545	19,148	13,156	5,992	-	-	-	-	117	588	1	4	-	-	142	5,840	477	3,341	167	1,288	293	1,191	39	544	61	1,131	158	753	115	890	41	1,655	3	319	84	725	43	262	49	110	187	507
2007	서초구	방배3동	930	286	7,496	5,016	2,480	-	-	1	7	55	469	2	7	-	-	51	825	212	1,349	65	478	102	280	25	491	11	161	97	439	54	1,087	10	336	4	170	66	484	24	438	26	66	125	409
2007	서초구	방배4동	2,065	592	11,043	6,665	4,378	-	-	-	-	117	710	-	-	2	7	151	1,431	493	2,142	94	151	263	765	84	1,099	41	584	159	485	176	1,371	32	303	3	183	95	626	77	518	45	109	233	559
2007	서초구	양재1동	2,719	647	24,270	16,909	7,361	-	-	1	4	159	1,251	2	63	3	61	274	4,578	750	4,723	145	438	375	1,343	131	2,891	28	416	129	401	249	4,455	43	1,126	4	91	83	516	68	769	83	275	192	869
2007	서초구	양재2동	4,659	1,110	38,665	27,252	11,413	-	-	1	2	264	5,197	1	6	-	-	392	6,078	1,896	10,327	304	1,287	576	2,386	160	2,341	42	491	186	1,612	323	4,879	65	2,028	3	47	48	344	41	257	96	320	261	1,063
2007	서초구	내곡동	489	110	4,235	2,675	1,560	-	-	-	-	7	47	-	-	-	-	18	458	298	1,009	46	506	47	217	-	-	1	4	14	37	8	301	1	10	6	647	5	149	6	325	4	15	28	510
2007	강남구	계	53,416	15,580	584,479	352,141	232,338	4	20	8	116	1,890	24,162	26	6,240	31	833	2,478	53,808	13,088	104,204	2,810	9,920	8,806	51,366	2,390	61,906	1,422	33,797	4,149	28,735	5,304	82,556	1,124	54,447	66	5,926	2,342	20,433	2,111	22,361	1,294	5,526	4,073	18,123
2007	강남구	신사동	3,286	1,159	22,174	11,895	10,279	-	-	-	-	250	1,831	-	-	1	4	119	1,668	798	4,033	38	167	534	2,336	130	1,839	46	597	177	934	406	3,093	74	1,893	2	76	171	1,069	244	1,410	80	409	216	815
2007	강남구	논현1동	4,238	1,188	35,436	21,671	13,765	-	-	-	-	197	2,195	-	-	2	12	212	4,106	1,132	6,599	77	642	625	2,869	240	2,892	96	1,763	314	1,689	555	5,906	117	3,582	1	18	56	392	153	1,030	115	398	346	1,343
2007	강남구	논현2동	4,234	1,147	45,405	27,806	17,599	-	-	3	15	159	1,512	-	-	1	17	251	5,118	1,072	9,169	190	1,266	668	3,937	303	5,479	73	1,328	272	2,290	603	8,007	107	2,705	7	791	69	934	123	910	85	482	248	1,445
2007	강남구	압구정1동	1,555	556	12,605	7,017	5,588	-	-	-	-	83	815	1	15	-	-	46	420	346	2,665	7	16	263	1,724	79	1,291	57	826	87	603	137	1,580	27	307	1	14	121	870	140	736	30	155	130	568
2007	강남구	압구정2동	1,681	682	13,404	6,606	6,798	1	6	-	-	34	929	1	8	-	-	29	832	566	3,418	6	20	390	2,220	55	746	23	244	69	465	99	1,106	14	370	1	15	51	508	120	1,048	39	148	183	1,321
2007	강남구	청담1동	1,780	651	17,951	10,495	7,456	-	-	-	-	71	840	-	-	5	186	77	1,580	511	4,262	19	59	286	2,863	52	1,917	34	575	204	923	151	1,951	35	743	2	77	63	371	79	594	40	297	151	713
2007	강남구	청담2동	1,718	650	16,411	7,934	8,477	-	-	-	-	113	1,104	-	-	-	-	43	1,269	409	3,387	25	30	260	1,956	59	2,129	32	540	173	666	217	1,678	37	298	2	215	51	496	104	1,136	16	158	177	1,349
2007	강남구	삼성1동	3,297	855	64,011	41,259	22,752	1	8	1	31	98	3,264	11	5,430	2	17	121	4,285	1,010	11,112	106	780	621	5,982	151	7,618	104	2,861	212	2,517	351	10,564	119	5,532	4	271	55	657	84	1,330	70	302	176	1,450
2007	강남구	삼성2동	2,426	604	33,998	17,164	16,834	-	-	-	-	87	1,271	1	15	1	2	126	1,776	512	3,998	73	355	348	2,134	122	3,705	132	2,931	323	2,230	278	4,595	49	6,949	6	1,953	58	516	70	510	56	413	184	645
2007	강남구	대치1동	1,038	406	6,369	3,132	3,237	-	-	-	-	14	84	-	-	-	-	21	82	171	520	20	35	147	817	6	15	34	443	117	401	14	851	7	14	3	100	252	2,034	100	568	41	105	91	300
2007	강남구	대치2동	905	457	3,801	1,830	1,971	-	-	-	-	32	87	-	-	-	-	17	57	324	890	25	43	129	543	3	38	17	219	68	524	8	89	5	7	3	42	101	695	39	252	30	90	104	225
2007	강남구	대치3동	1,882	455	40,740	26,951	13,789	-	-	-	-	52	1,493	3	127	-	-	94	4,946	400	7,889	57	425	360	2,437	95	4,866	100	2,125	164	1,412	138	5,060	45	5,505	4	653	125	2,437	52	347	45	166	148	852
2007	강남구	대치4동	2,601	806	25,244	15,444	9,800	-	-	-	-	66	871	-	-	3	170	69	1,204	579	6,469	41	209	542	2,401	83	2,323	76	2,230	208	1,794	181	3,119	43	776	2	124	247	1,468	119	816	88	305	254	965
2007	강남구	역삼1동	8,802	2,147	133,400	79,982	53,418	-	-	1	5	212	3,515	1	61	3	145	368	12,294	1,783	18,830	146	1,482	1,875	12,077	491	14,282	380	12,996	731	6,205	1,258	22,468	259	19,681	7	848	223	2,022	238	2,558	245	1,005	581	2,926
2007	강남구	역삼2동	2,401	673	33,144	21,797	11,347	1	3	1	2	76	1,548	1	9	-	-	132	3,827	507	4,810	108	720	401	1,838	138	5,988	69	2,185	282	1,735	250	4,116	50	3,758	3	55	82	897	82	773	55	223	163	657
2007	강남구	도곡1동	1,227	389	13,035	8,275	4,760	-	-	-	-	38	706	-	-	-	-	64	2,047	332	2,122	49	114	176	815	32	867	35	460	114	575	85	1,876	22	267	1	16	85	676	71	2,018	24	108	99	368
2007	강남구	도곡2동	1,649	487	19,810	13,361	6,449	-	-	-	-	46	530	1	159	1	30	111	3,416	431	5,095	63	431	272	1,322	103	3,525	36	682	138	588	148	1,884	34	678	2	18	75	733	51	228	30	101	107	390
2007	강남구	개포1동	494	187	1,251	675	576	-	-	-	-	7	13	-	-	-	-	24	89	88	174	146	149	20	46	-	-	3	31	56	310	3	7	2	4	1	14	50	262	15	42	4	8	75	102
2007	강남구	개포2동	544	218	2,124	1,237	887	-	-	-	-	7	31	1	8	-	-	12	25	74	188	110	440	89	195	4	19	3	29	56	171	4	10	6	25	1	16	71	731	13	49	19	59	74	128
2007	강남구	개포3동	472	200	1,700	827	873	-	-	-	-	16	35	-	-	-	-	15	64	88	296	19	19	75	184	2	15	7	82	36	238	9	27	-	-	1	16	88	458	28	93	21	47	67	126
2007	강남구	개포4동	3,103	523	12,981	9,029	3,952	-	-	1	2	85	600	1	5	3	16	255	2,109	755	3,493	1,005	1,092	219	661	76	515	8	70	111	373	194	1,843	35	435	3	117	70	411	50	570	60	167	172	502
2007	강남구	일원본동	502	179	6,276	2,247	4,029	-	-	-	-	1	2	-	-	-	-	19	52	72	200	153	171	48	301	1	4	6	57	52	220	5	7	-	-	2	35	49	547	26	4,449	12	77	56	154
2007	강남구	일원1동	875	331	4,221	2,370	1,851	-	-	-	-	42	240	2	107	2	74	56	574	201	607	57	68	177	529	6	38	6	47	40	139	22	163	6	635	1	24	57	413	41	235	58	116	101	212
2007	강남구	일원2동	509	178	5,123	3,551	1,572	1	3	-	-	13	23	1	275	1	125	16	126	99	349	112	215	73	210	8	698	8	70	43	1,143	13	727	3	5	2	336	37	263	26	312	9	97	44	146
2007	강남구	수서동	1,839	368	11,805	8,090	3,715	-	-	-	-	84	565	1	21	4	13	176	1,804	698	2,929	93	569	168	843	150	1,096	11	295	84	549	173	1,792	27	256	2	45	30	424	37	226	20	87	81	291
2007	강남구	세곡동	358	84	2,060	1,496	564	-	-	1	61	7	58	-	-	2	22	5	38	130	700	65	403	40	126	1	1	26	111	18	41	2	37	1	22	2	37	5	149	6	121	2	3	45	130
2007	송파구	계	40,451	12,831	216,337	132,801	83,536	1	153	1	5	1,677	12,756	9	90	31	519	1,846	22,172	12,194	44,017	5,362	10,948	5,951	20,779	490	8,745	454	9,657	2,331	9,195	1,295	15,452	474	14,462	65	4,627	1,954	14,573	1,098	12,821	1,437	5,677	3,781	9,689
2007	송파구	풍납1동	865	323	2,521	1,248	1,273	-	-	-	-	44	261	-	-	-	-	29	211	204	392	174	318	147	271	2	12	8	245	46	93	7	34	6	86	1	12	36	174	27	178	35	81	99	153
2007	송파구	풍납2동	1,209	424	12,521	5,324	7,197	-	-	-	-	45	316	3	25	3	12	33	291	233	881	207	595	159	579	7	51	8	82	93	327	80	397	13	529	4	489	98	1,171	48	6,327	42	102	133	347
2007	송파구	거여1동	767	257	2,528	1,379	1,149	-	-	-	-	40	218	-	-	-	-	10	48	156	505	184	198	114	308	5	140	-	-	38	111	14	142	5	42	1	11	46	430	25	144	30	70	99	161
2007	송파구	거여2동	1,276	409	3,996	2,360	1,636	-	-	-	-	61	254	-	-	-	-	43	185	213	498	318	771	170	403	2	15	7	68	88	201	16	392	7	54	3	47	75	386	57	375	47	88	169	259
2007	송파구	마천1동	903	324	1,858	991	867	-	-	-	-	31	144	-	-	-	-	19	31	164	290	240	412	152	266	1	8	3	11	76	100	2	2	1	4	2	34	35	154	33	182	27	55	117	165
2007	송파구	마천2동	1,416	517	3,935	2,307	1,628	-	-	-	-	129	544	1	1	-	-	30	143	365	735	268	613	222	409	3	18	7	98	67	109	5	18	3	11	4	382	60	208	52	311	42	83	158	252
2007	송파구	방이1동	1,192	424	8,575	5,748	2,827	-	-	-	-	66	670	-	-	-	-	72	1,363	238	1,097	93	418	235	881	11	134	10	84	68	508	46	892	18	701	3	247	134	977	35	172	49	173	114	258
2007	송파구	방이2동	2,459	780	16,029	9,727	6,302	-	-	-	-	96	1,242	1	16	2	28	146	1,332	557	3,225	169	414	580	2,664	70	991	29	494	143	472	166	1,854	54	1,127	2	25	75	660	54	326	114	271	201	888
2007	송파구	오륜동	493	217	3,854	2,118	1,736	-	-	-	-	8	23	-	-	1	3	15	30	186	352	12	21	48	488	4	155	14	157	24	96	8	245	5	319	2	31	26	1,021	17	96	61	608	62	209
2007	송파구	오금동	3,123	758	15,415	10,051	5,364	-	-	-	-	176	1,630	1	29	1	36	175	1,884	617	2,870	970	1,041	333	1,109	30	1,346	17	224	109	1,168	53	574	23	963	2	18	226	1,444	39	212	88	310	264	593
2007	송파구	송파1동	2,451	653	11,530	7,684	3,846	-	-	-	-	118	664	-	-	-	-	141	2,696	435	1,629	597	714	319	1,030	39	611	21	203	129	407	127	1,136	32	616	2	15	119	759	64	323	85	162	222	529
2007	송파구	송파2동	849	313	3,607	2,082	1,525	-	-	-	-	26	207	-	-	-	-	35	256	206	623	84	89	124	418	6	184	5	44	74	264	19	105	9	127	1	16	98	832	42	157	25	51	95	234
2007	송파구	석촌동	2,873	998	13,401	8,177	5,224	-	-	-	-	129	692	1	14	-	-	169	2,139	765	2,498	184	285	565	1,512	35	310	39	613	163	509	141	1,433	37	1,292	1	19	111	589	85	457	149	318	299	721
2007	송파구	삼전동	2,056	648	9,803	6,391	3,412	1	153	-	-	111	669	-	-	1	45	133	1,230	501	2,017	193	518	332	901	21	132	11	107	146	452	73	654	16	846	3	119	99	672	60	525	101	224	254	539
2007	송파구	가락본동	3,057	898	24,819	15,930	8,889	-	-	-	-	136	1,476	-	-	2	31	253	3,248	913	4,524	159	268	556	2,004	80	1,720	39	862	146	553	150	2,482	71	3,508	6	916	111	906	66	1,106	125	247	244	968
2007	송파구	가락1동	4,124	1,020	11,500	7,624	3,876	-	-	-	-	15	180	-	-	3	76	13	18	3,479	9,321	264	300	114	249	5	19	9	99	59	427	9	76	30	266	4	37	16	98	7	81	2	2	95	251
2007	송파구	가락2동	2,014	708	10,191	6,254	3,937	-	-	-	-	118	1,331	-	-	2	33	128	1,151	497	1,814	178	382	261	882	23	177	12	139	117	420	70	813	23	439	2	452	174	957	79	376	80	181	250	644
2007	송파구	문정1동	1,331	426	7,970	4,965	3,005	-	-	-	-	86	663	-	-	2	34	93	1,183	434	1,653	131	280	170	578	18	154	7	55	87	241	38	398	14	1,743	1	17	59	420	29	182	40	103	122	266
2007	송파구	문정2동	436	163	2,511	1,426	1,085	-	-	-	-	6	55	-	-	5	90	20	101	103	765	30	30	54	204	2	67	20	263	39	168	12	36	3	15	2	92	32	244	31	144	15	76	62	161
2007	송파구	장지동	1,211	327	7,567	5,755	1,812	-	-	-	-	71	475	-	-	4	84	94	799	250	1,140	224	2,265	128	289	8	79	7	55	101	244	50	977	19	180	3	55	68	422	20	80	35	57	129	366
2007	송파구	잠실본동	3,010	1,074	15,944	9,671	6,273	-	-	1	5	101	589	2	5	2	18	118	2,135	653	2,478	105	244	738	2,671	59	584	49	664	267	1,166	115	1,875	49	926	5	64	130	622	130	616	199	467	287	815
2007	송파구	잠실1동	60	10	702	499	203	-	-	-	-	-	-	-	-	-	-	-	-	10	27	4	39	10	119	2	12	-	-	1	4	-	-	2	10	2	102	1	44	-	-	9	278	19	67
2007	송파구	잠실2동	7	-	290	129	161	-	-	-	-	-	-	-	-	-	-	-	-	1	2	-	-	-	-	-	-	-	-	1	1	-	-	-	-	1	95	2	186	-	-	2	6	-	-
2007	송파구	잠실3동	714	311	6,105	3,167	2,938	-	-	-	-	8	17	-	-	-	-	3	20	307	2,056	57	57	145	1,427	3	25	15	127	49	244	13	35	6	21	3	18	11	221	25	95	4	1,555	65	187
2007	송파구	잠실4동	219	91	607	325	282	-	-	-	-	5	8	-	-	3	29	9	11	43	77	36	53	17	39	1	4	3	29	51	106	4	15	2	27	-	-	7	125	11	40	5	10	22	34
2007	송파구	잠실5동	438	209	1,114	447	667	-	-	-	-	10	14	-	-	-	-	9	11	207	507	33	58	34	80	1	5	2	27	50	124	1	1	3	5	2	11	22	146	9	23	3	7	52	95
2007	송파구	잠실6동	1,697	467	16,427	10,481	5,946	-	-	-	-	39	410	-	-	-	-	45	1,616	387	1,915	433	525	211	962	51	1,789	107	4,843	80	518	75	865	23	605	2	1,293	66	366	46	271	17	79	115	370
2007	송파구	잠실7동	201	82	1,017	541	476	-	-	-	-	2	4	-	-	-	-	11	40	70	126	15	40	13	36	1	3	5	64	19	162	1	1	-	-	1	10	17	339	7	22	6	13	33	157
2007	강동구	계	27,372	9,110	107,495	60,749	46,746	1	25	1	6	1,456	7,628	7	279	8	106	889	8,850	6,231	19,800	5,599	9,645	4,490	12,653	137	1,593	255	4,669	1,604	4,313	372	3,396	226	4,828	38	2,844	1,343	9,454	819	8,505	992	2,774	2,904	6,127
2007	강동구	강일동	1,107	22	2,412	2,197	215	-	-	-	-	7	59	-	-	1	41	2	17	24	241	1,047	1,979	15	57	1	2	-	-	2	3	-	-	-	-	-	-	-	-	-	-	-	-	8	13
2007	강동구	상일동	1,124	327	4,293	2,360	1,933	-	-	-	-	41	106	1	11	-	-	30	126	213	617	378	459	135	320	4	24	4	33	80	223	9	73	6	37	2	69	64	761	18	1,110	30	152	109	172
2007	강동구	명일1동	1,627	727	4,692	2,285	2,407	-	-	-	-	54	183	-	-	-	-	33	126	411	1,130	210	240	315	816	5	15	12	114	92	315	11	38	12	147	1	12	140	561	88	385	80	186	163	424
2007	강동구	명일2동	1,169	513	4,937	2,510	2,427	-	-	-	-	35	79	-	-	-	-	38	423	339	907	64	64	181	654	9	82	14	150	76	306	22	340	9	103	2	70	178	1,040	47	284	56	134	99	301
2007	강동구	고덕1동	700	206	1,902	1,041	861	-	-	-	-	24	52	-	-	-	-	19	32	93	227	274	289	70	187	1	2	-	-	53	149	1	10	3	18	2	37	46	509	21	244	17	31	76	115
2007	강동구	고덕2동	889	244	2,325	1,387	938	-	-	-	-	19	84	-	-	1	4	8	10	144	337	371	608	90	193	1	1	6	49	61	115	1	2	3	5	1	14	41	448	21	169	26	124	95	162
2007	강동구	암사1동	1,312	462	3,025	1,625	1,400	-	-	-	-	87	288	-	-	-	-	46	220	314	715	229	243	245	566	1	2	5	60	65	121	11	47	5	11	2	81	42	99	29	130	60	132	171	310
2007	강동구	암사2동	764	250	2,472	1,281	1,191	-	-	-	-	34	232	-	-	-	-	28	127	117	614	200	225	122	335	4	11	3	36	54	83	5	25	1	3	2	32	61	337	33	145	29	131	71	136
2007	강동구	암사3동	442	136	1,548	958	590	-	-	-	-	28	134	2	108	-	-	6	19	129	357	108	350	36	72	-	-	2	19	33	59	5	7	2	3	1	11	23	190	14	102	6	20	47	97
2007	강동구	암사4동	538	185	1,302	798	504	-	-	-	-	22	64	-	-	-	-	13	16	75	147	159	407	75	129	-	-	4	76	54	83	3	6	-	-	1	14	26	139	10	67	22	42	74	112
2007	강동구	천호1동	1,543	504	4,780	2,529	2,251	-	-	-	-	106	352	-	-	-	-	34	98	329	880	364	563	207	459	3	27	6	123	106	192	13	88	10	141	1	16	75	1,154	52	301	46	91	191	295
2007	강동구	천호2동	1,414	419	6,372	3,369	3,003	-	-	-	-	56	238	-	-	-	-	26	147	385	1,549	174	373	318	1,176	13	164	29	408	75	443	16	78	27	460	1	14	43	191	67	370	49	363	135	398
2007	강동구	천호3동	1,817	667	5,432	2,779	2,653	-	-	-	-	74	259	-	-	1	17	49	187	536	1,173	276	497	297	730	11	43	28	487	115	308	17	125	19	276	2	36	48	356	44	308	69	150	231	480
2007	강동구	천호4동	1,546	588	4,982	2,530	2,452	-	-	-	-	114	301	-	-	-	-	43	682	473	1,154	186	196	321	817	3	6	8	175	71	140	13	47	8	28	2	87	47	501	41	435	50	116	166	297
2007	강동구	성내1동	1,982	559	15,035	10,102	4,933	1	25	-	-	212	1,701	-	-	2	17	144	2,959	506	2,064	206	1,005	320	1,094	30	259	14	294	83	260	120	960	29	785	9	2,152	64	609	35	324	47	131	160	396
2007	강동구	성내2동	1,820	646	7,067	3,902	3,165	-	-	-	-	142	498	1	19	2	24	59	1,139	399	1,182	249	411	333	888	8	98	46	1,063	120	218	14	54	19	123	1	14	53	191	55	412	78	169	241	564
2007	강동구	성내3동	2,151	779	9,481	5,677	3,804	-	-	-	-	104	427	-	-	-	-	85	897	548	2,214	212	246	449	1,179	15	257	16	133	118	259	33	1,037	20	991	1	21	136	477	86	523	113	235	215	585
2007	강동구	길1동	2,247	804	11,988	6,184	5,804	-	-	-	-	104	1,069	1	15	-	-	94	922	502	1,803	311	614	542	1,883	16	512	42	1,255	124	363	41	244	24	572	3	98	52	374	80	1,487	99	252	212	525
2007	강동구	길2동	1,378	447	4,296	2,506	1,790	-	-	1	6	103	468	1	12	1	3	66	353	264	669	264	511	182	397	7	39	4	33	96	205	10	37	10	358	2	34	95	566	32	180	56	124	184	301
2007	강동구	둔촌1동	418	188	1,426	822	604	-	-	-	-	8	33	1	114	-	-	11	17	137	244	84	98	15	61	1	4	3	37	53	274	2	2	1	2	1	10	28	356	6	14	5	68	62	92
2007	강동구	둔촌2동	1,384	437	7,728	3,907	3,821	-	-	-	-	82	1,001	-	-	-	-	55	333	293	1,576	233	267	222	640	4	45	9	124	73	194	25	176	18	765	1	22	81	595	40	1,515	54	123	194	352