기간	컬럼1	컬럼2	합계	합계	합계	합계	합계	농업 임업 및 어업	농업 임업 및 어업	광업	광업	제조업	제조업	전기 가스 증기 및 수도사업	전기 가스 증기 및 수도사업	하수 · 폐기물 처리 원료재생 및 환경복원업	하수 · 폐기물 처리 원료재생 및 환경복원업	건설업	건설업	도매 및 소매업	도매 및 소매업	운수업	운수업	숙박 및 음식점업	숙박 및 음식점업	출판 영상 방송통신 및 정보서비스업	출판 영상 방송통신 및 정보서비스업	금융 및 보험업	금융 및 보험업	부동산업 및 임대업	부동산업 및 임대업	전문 과학 및 기술 서비스업	전문 과학 및 기술 서비스업	사업시설관리 및 사업지원 서비스업	사업시설관리 및 사업지원 서비스업	공공행정 국방 및 사회보장 행정	공공행정 국방 및 사회보장 행정	교육 서비스업	교육 서비스업	보건업 및 사회복지 서비스업	보건업 및 사회복지 서비스업	예술 스포츠 및 여가관련 서비스업	예술 스포츠 및 여가관련 서비스업	협회 및 단체 수리  및 기타 개인 서비스업	협회 및 단체 수리  및 기타 개인 서비스업
기간	컬럼1	컬럼2	사업체수	사업체수	종사자수	종사자수	종사자수	사업체수	종사자수	사업체수	종사자수	사업체수	종사자수	사업체수	종사자수	사업체수	종사자수	사업체수	종사자수	사업체수	종사자수	사업체수	종사자수	사업체수	종사자수	사업체수	종사자수	사업체수	종사자수	사업체수	종사자수	사업체수	종사자수	사업체수	종사자수	사업체수	종사자수	사업체수	종사자수	사업체수	종사자수	사업체수	종사자수	사업체수	종사자수
기간	컬럼1	컬럼2	사업체수	여성대표자	계	남	여	사업체수	종사자수	사업체수	종사자수	사업체수	종사자수	사업체수	종사자수	사업체수	종사자수	사업체수	종사자수	사업체수	종사자수	사업체수	종사자수	사업체수	종사자수	사업체수	종사자수	사업체수	종사자수	사업체수	종사자수	사업체수	종사자수	사업체수	종사자수	사업체수	종사자수	사업체수	종사자수	사업체수	종사자수	사업체수	종사자수	사업체수	종사자수
2008	계	계	719,687	230,491	4,079,277	2,387,646	1,691,631	10	274	33	735	56,254	294,649	131	13,249	362	6,135	19,691	232,612	209,131	768,012	90,617	249,225	114,115	393,802	12,045	255,087	9,055	241,494	35,950	142,052	24,965	345,314	9,055	302,163	1,267	113,579	28,873	270,794	20,240	205,599	21,183	70,624	66,710	173,878
2008	종로구	소계	38,347	11,871	232,027	133,268	98,759	2	23	3	21	4,071	12,457	2	37	3	38	345	12,907	16,806	42,750	1,453	7,473	5,937	22,439	662	13,975	539	20,469	1,134	5,999	1,149	19,467	1,176	21,136	101	18,312	860	11,365	621	10,960	880	4,815	2,603	7,384
2008	종로구	사직동	3,180	937	50,521	30,215	20,306	1	15	1	1	70	322	-	-	2	21	38	4,811	462	2,528	294	3,659	701	3,158	136	2,216	117	5,899	139	1,398	266	5,450	463	9,848	24	7,343	69	890	80	652	85	1,398	232	912
2008	종로구	삼청동	532	245	4,468	2,215	2,253	-	-	-	-	20	95	-	-	-	-	7	39	173	649	17	42	177	996	11	104	5	37	10	26	25	265	10	105	5	1,060	15	624	9	77	20	183	28	166
2008	종로구	부암동	501	165	2,274	1,292	982	-	-	-	-	17	68	-	-	-	-	16	198	110	409	45	47	86	262	9	77	3	31	27	47	14	36	7	26	3	82	46	461	11	52	13	36	94	442
2008	종로구	평창동	573	271	2,263	1,099	1,164	-	-	-	-	10	118	-	-	-	-	24	81	125	370	39	80	141	485	6	107	4	43	38	79	10	151	1	6	2	67	27	191	22	131	22	129	102	225
2008	종로구	무악동	555	138	1,315	695	620	-	-	-	-	7	10	-	-	-	-	5	31	51	122	303	314	58	117	5	27	2	15	22	86	3	6	3	13	1	19	18	71	13	354	7	16	57	114
2008	종로구	교남동	779	260	5,789	2,912	2,877	-	-	-	-	30	109	-	-	-	-	29	322	175	604	54	268	178	454	42	368	9	192	38	97	26	372	16	530	3	76	18	213	20	1,852	22	53	119	279
2008	종로구	가회동	532	216	8,004	5,017	2,987	-	-	-	-	19	37	-	-	-	-	16	1,600	126	427	28	165	145	532	11	370	12	213	15	21	29	1,354	11	891	6	1,751	26	307	15	56	20	105	53	175
2008	종로구	종로1.2.3.4가동	16,151	4,711	91,814	54,512	37,302	1	8	2	20	2,016	6,332	2	37	1	17	98	4,951	8,036	20,086	193	1,664	2,126	8,907	263	7,322	233	8,854	367	2,576	515	8,932	532	8,471	29	6,032	332	3,044	161	1,126	299	943	945	2,492
2008	종로구	종로5·6가동	6,950	2,221	22,512	13,476	9,036	-	-	-	-	768	2,173	-	-	-	-	25	253	4,595	9,608	85	375	602	1,691	48	1,003	34	2,820	135	789	96	1,088	52	449	5	303	49	603	113	424	54	129	289	804
2008	종로구	이화동	950	295	12,928	6,080	6,848	-	-	-	-	63	253	-	-	-	-	6	59	166	1,376	36	50	305	1,523	48	934	10	123	30	84	52	1,075	7	28	4	158	39	1,129	23	5,302	82	426	79	408
2008	종로구	혜화동	1,188	496	5,690	2,751	2,939	-	-	-	-	21	228	-	-	-	-	16	165	241	836	28	49	466	1,786	33	470	8	74	51	114	30	344	19	81	2	80	47	643	34	159	96	408	96	253
2008	종로구	명륜3가동	287	94	2,206	1,656	550	-	-	-	-	6	10	-	-	-	-	5	5	61	106	28	59	97	207	6	24	2	18	8	15	3	9	5	14	1	15	22	1,623	1	3	15	30	27	68
2008	종로구	창신1동	2,151	596	6,577	3,296	3,281	-	-	-	-	290	640	-	-	-	-	3	16	1,231	2,687	45	180	241	655	8	32	42	859	56	185	14	40	14	523	1	20	18	171	29	176	40	84	119	309
2008	종로구	창신2동	932	280	2,077	1,009	1,068	-	-	-	-	395	949	-	-	-	-	6	6	160	288	56	78	132	303	-	-	5	89	30	43	7	7	7	20	1	11	18	45	16	91	24	44	75	103
2008	종로구	창신3동	214	66	680	363	317	-	-	-	-	26	76	-	-	-	-	6	16	33	71	52	103	23	64	1	4	1	8	19	77	2	10	1	1	1	18	13	119	7	50	4	10	25	53
2008	종로구	숭인1동	453	146	1,610	681	929	-	-	-	-	99	391	-	-	-	-	3	8	121	388	33	120	65	257	4	13	1	11	20	80	8	29	4	5	1	15	17	66	18	95	8	21	51	111
2008	종로구	숭인2동	1,698	449	6,889	3,289	3,600	-	-	-	-	168	510	-	-	-	-	25	272	733	1,696	62	119	297	768	19	772	44	1,089	86	210	26	114	16	90	3	39	37	504	24	111	54	405	104	190
2008	종로구	청운효자동	721	285	4,410	2,710	1,700	-	-	-	-	46	136	-	-	-	-	17	74	207	499	55	101	97	274	12	132	7	94	43	72	23	185	8	35	9	1,223	49	661	25	249	15	395	108	280
2008	중구	소계	61,180	20,685	353,342	201,542	151,800	1	43	2	18	9,432	30,478	4	547	6	113	429	12,296	33,194	92,274	1,702	15,112	5,494	28,299	688	19,798	1,190	53,895	1,335	7,846	2,644	27,357	1,078	30,314	71	7,231	448	7,030	594	9,666	625	3,461	2,243	7,564
2008	중구	소공동	3,534	751	64,629	38,535	26,094	-	-	-	-	137	554	-	-	1	18	36	3,433	803	7,867	381	6,885	654	5,675	85	3,524	245	16,258	132	1,200	501	6,871	257	7,621	8	2,366	29	772	55	357	53	340	157	888
2008	중구	회현동	9,296	4,220	43,198	23,478	19,720	-	-	-	-	268	1,136	1	63	-	-	29	3,358	7,544	16,730	124	1,796	542	2,860	39	2,070	150	5,970	108	1,088	59	3,138	81	2,495	5	378	20	266	55	263	52	937	219	650
2008	중구	명동	6,701	1,920	83,418	48,743	34,675	-	-	-	-	427	1,438	2	463	-	-	56	1,777	2,251	9,796	301	3,389	1,101	7,800	147	7,244	507	25,002	269	2,067	405	8,403	445	7,152	22	1,562	61	737	154	4,297	92	495	461	1,796
2008	중구	필동	2,567	593	25,355	15,988	9,367	-	-	-	-	829	5,150	-	-	1	27	18	884	368	2,530	40	124	407	1,884	134	2,989	44	891	78	376	392	2,637	38	2,962	7	791	40	2,417	28	1,096	51	177	92	420
2008	중구	장충동	752	206	8,290	5,041	3,249	-	-	2	18	90	588	-	-	-	-	20	873	172	1,473	21	66	160	2,135	27	425	8	94	30	166	62	650	25	559	4	350	13	76	11	57	24	458	83	302
2008	중구	광희동	10,823	3,782	31,858	17,478	14,380	1	43	-	-	2,627	6,763	-	-	-	-	31	197	6,387	12,376	101	793	603	2,070	60	621	76	1,336	127	664	406	2,215	65	1,763	6	969	19	300	29	949	54	222	231	577
2008	중구	을지로동	9,652	1,733	32,388	21,185	11,203	-	-	-	-	3,736	9,656	-	-	-	-	74	447	3,835	10,197	70	405	548	1,687	99	1,344	94	3,094	159	477	589	1,783	83	1,393	3	302	18	87	46	896	66	158	232	462
2008	중구	신당1동	10,763	5,301	29,044	12,324	16,720	-	-	-	-	433	1,801	-	-	1	5	39	289	9,428	22,392	50	174	318	1,144	10	165	13	332	111	574	83	287	20	252	4	305	22	466	29	226	49	194	153	438
2008	중구	신당2동	1,006	309	6,533	3,176	3,357	-	-	-	-	78	393	1	21	-	-	26	165	261	1,168	120	170	165	454	25	264	8	102	61	160	52	753	16	1,902	1	15	35	390	33	273	23	43	101	260
2008	중구	신당3동	784	320	3,153	1,531	1,622	-	-	-	-	34	138	-	-	1	12	12	85	199	669	98	138	135	453	7	24	7	57	56	329	22	83	6	42	3	90	43	181	43	603	27	84	91	165
2008	중구	신당4동	682	197	4,353	2,080	2,273	-	-	-	-	81	355	-	-	-	-	18	354	153	550	116	205	76	192	12	80	5	29	43	133	19	194	9	1,527	1	14	52	418	16	117	22	73	59	112
2008	중구	신당5동	1,023	382	3,429	1,810	1,619	-	-	-	-	169	537	-	-	1	1	25	173	236	587	48	82	263	577	7	17	6	49	37	59	17	79	7	53	2	16	15	248	40	205	39	89	111	657
2008	중구	신당6동	772	202	3,217	1,696	1,521	-	-	-	-	219	1,139	-	-	-	-	19	73	191	813	68	99	76	180	9	57	4	30	33	170	14	48	6	75	1	13	27	181	25	170	18	40	62	129
2008	중구	황학동	1,839	473	4,868	2,659	2,209	-	-	-	-	209	466	-	-	-	-	7	36	1,109	3,006	70	99	239	596	1	2	6	59	38	85	5	20	4	144	2	16	21	40	10	63	24	45	94	191
2008	중구	중림동	986	296	9,609	5,818	3,791	-	-	-	-	95	364	-	-	1	50	19	152	257	2,120	94	687	207	592	26	972	17	592	53	298	18	196	16	2,374	2	44	33	451	20	94	31	106	97	517
2008	용산구	소계	18,711	5,797	105,636	63,397	42,239	1	35	1	8	1,023	3,864	2	10	4	36	357	5,257	7,629	29,255	1,446	3,816	3,158	12,708	297	4,982	217	3,015	1,108	3,572	385	10,381	171	6,505	40	4,466	426	5,196	377	5,164	397	2,005	1,672	5,361
2008	용산구	후암동	808	298	4,097	1,498	2,599	-	-	-	-	70	293	-	-	-	-	17	134	208	655	101	117	120	331	11	40	6	60	72	152	12	106	5	1,300	3	94	38	267	39	221	17	114	89	213
2008	용산구	용산2가동	496	163	3,753	2,469	1,284	-	-	-	-	35	115	-	-	-	-	11	18	115	207	86	118	72	331	6	6	5	31	44	77	1	2	1	1	3	1,953	23	357	12	53	17	379	65	105
2008	용산구	남영동	1,369	532	10,287	6,008	4,279	-	-	1	8	68	273	2	10	1	4	24	872	378	1,724	48	336	399	1,716	40	900	55	1,466	60	207	38	687	27	240	1	13	37	358	35	709	64	307	91	457
2008	용산구	원효로2동	1,036	278	5,172	3,727	1,445	-	-	-	-	22	157	-	-	-	-	24	260	494	2,283	110	163	102	257	15	185	7	76	68	231	13	188	4	267	1	14	40	250	14	59	12	20	110	762
2008	용산구	효창동	436	110	1,938	1,129	809	-	-	-	-	18	77	-	-	-	-	15	155	106	499	101	138	45	109	18	132	2	21	33	56	5	53	2	34	1	14	24	231	20	238	5	9	41	172
2008	용산구	용문동	650	239	1,512	854	658	-	-	-	-	44	132	-	-	-	-	23	91	211	526	90	103	98	198	5	59	2	16	44	67	4	15	1	1	1	14	22	67	17	67	16	39	72	117
2008	용산구	이촌1동	722	329	3,399	1,618	1,781	-	-	-	-	6	13	-	-	-	-	15	33	198	439	39	45	155	701	3	25	23	223	91	487	6	64	3	11	3	75	39	487	41	304	11	74	89	418
2008	용산구	이촌2동	331	101	857	493	364	-	-	-	-	6	11	-	-	-	-	7	12	71	310	95	138	40	92	2	5	2	16	37	86	-	-	-	-	2	33	12	22	7	35	6	15	44	82
2008	용산구	이태원1동	1,335	552	4,163	2,215	1,948	-	-	-	-	70	133	-	-	-	-	11	32	680	1,161	50	79	296	1,854	4	44	24	110	42	103	15	77	10	27	3	103	9	93	11	52	13	30	97	265
2008	용산구	이태원2동	545	201	1,868	1,090	778	-	-	-	-	21	61	-	-	-	-	16	112	126	608	87	99	98	335	1	4	4	20	62	125	7	48	5	67	1	12	15	150	14	62	17	62	71	103
2008	용산구	서빙고동	328	92	3,540	2,336	1,204	-	-	-	-	8	38	-	-	1	2	12	656	78	520	70	262	40	115	8	427	4	28	28	242	4	172	1	10	3	58	16	141	5	438	5	278	45	153
2008	용산구	보광동	820	340	2,175	1,291	884	-	-	-	-	26	49	-	-	1	27	10	20	206	467	113	384	158	323	2	14	5	35	56	100	6	15	3	30	1	15	31	302	30	130	23	44	149	220
2008	용산구	청파동	1,714	580	7,752	4,095	3,657	-	-	-	-	339	1,220	-	-	-	-	30	281	363	1,061	134	172	347	1,105	35	358	9	78	104	208	24	369	18	168	1	15	44	1,556	31	489	37	98	198	574
2008	용산구	원효로1동	1,603	398	9,093	6,441	2,652	-	-	-	-	149	571	-	-	-	-	36	579	701	3,062	86	151	263	720	43	208	5	49	72	235	58	963	12	276	5	1,689	15	172	22	102	34	74	102	242
2008	용산구	한강로동	4,979	1,050	33,511	21,187	12,324	-	-	-	-	105	595	-	-	1	3	52	578	3,324	12,957	106	1,254	534	2,116	79	2,255	48	646	171	878	117	5,834	47	3,409	9	346	30	452	42	817	69	317	245	1,054
2008	용산구	한남동	1,539	534	12,519	6,946	5,573	1	35	-	-	36	126	-	-	-	-	54	1,424	370	2,776	130	257	391	2,405	25	320	16	140	124	318	75	1,788	32	664	2	18	31	291	37	1,388	51	145	164	424
2008	성동구	소계	22,523	6,359	125,207	77,682	47,525	-	-	-	-	4,351	30,463	10	854	23	398	536	4,232	5,995	20,245	2,367	8,279	3,156	8,762	219	2,766	279	2,728	1,029	3,941	465	6,258	160	11,505	38	3,219	717	8,193	523	5,249	578	1,940	2,077	6,175
2008	성동구	왕십리2동	713	239	2,291	1,195	1,096	-	-	-	-	119	475	-	-	-	-	13	21	123	357	120	148	97	224	4	42	5	38	56	197	10	54	6	264	1	13	37	190	22	100	20	44	80	124
2008	성동구	마장동	2,818	722	11,949	8,138	3,811	-	-	-	-	360	1,573	2	187	1	18	51	251	1,475	4,002	260	945	238	672	7	44	11	160	73	270	20	148	10	2,184	5	216	56	440	37	309	29	110	183	420
2008	성동구	사근동	1,056	365	8,560	5,049	3,511	-	-	-	-	54	198	-	-	1	2	12	52	190	475	96	155	387	1,145	18	98	7	56	32	100	36	126	21	135	2	67	41	3,594	21	2,042	56	134	82	181
2008	성동구	행당1동	1,195	446	7,591	4,245	3,346	-	-	-	-	79	233	1	175	-	-	18	417	354	1,112	115	252	258	1,024	7	203	15	144	51	376	13	327	10	24	6	2,094	57	426	48	299	42	182	121	303
2008	성동구	행당2동	542	211	1,933	785	1,148	-	-	-	-	15	42	-	-	-	-	18	60	113	304	103	112	49	188	2	9	5	56	47	193	12	34	4	106	1	17	55	455	38	183	12	24	68	150
2008	성동구	응봉동	389	134	1,086	595	491	-	-	-	-	9	23	-	-	2	4	16	61	62	134	117	157	38	99	2	5	3	20	29	160	2	4	-	-	1	11	35	229	12	56	10	29	51	94
2008	성동구	금호1가동	614	211	1,752	883	869	-	-	-	-	66	202	-	-	-	-	17	73	93	220	130	149	70	175	3	12	4	21	38	169	6	8	2	6	2	37	38	266	33	168	26	75	86	171
2008	성동구	금호4가동	673	230	2,071	1,193	878	-	-	-	-	35	91	1	16	1	2	12	155	145	352	103	327	105	242	1	4	8	78	55	108	9	13	6	17	2	79	31	202	33	133	29	59	97	193
2008	성동구	성수1가1동	1,141	288	6,143	4,467	1,676	-	-	-	-	365	1,504	1	102	-	-	16	171	198	520	189	300	111	241	4	17	4	45	64	161	5	17	5	1,812	1	15	52	434	17	99	25	491	84	214
2008	성동구	성수1가2동	1,584	384	11,766	5,981	5,785	-	-	-	-	447	2,363	-	-	5	71	37	241	334	1,634	164	663	220	699	25	494	8	81	78	211	38	322	7	4,181	2	16	30	152	27	169	42	72	120	397
2008	성동구	성수2가1동	1,767	509	7,484	4,930	2,554	-	-	-	-	490	3,126	1	22	-	-	30	151	404	1,232	193	469	264	630	3	145	5	56	62	124	10	100	12	169	3	103	33	335	39	177	59	212	159	433
2008	성동구	성수2가3동	3,618	744	35,518	23,942	11,576	-	-	-	-	1,398	16,858	2	11	4	25	101	1,236	835	4,913	126	1,912	379	1,057	89	1,383	25	269	108	417	153	3,802	32	1,236	2	77	37	188	29	168	78	145	220	1,821
2008	성동구	송정동	703	174	2,500	1,467	1,033	-	-	-	-	118	547	-	-	2	4	37	247	158	338	110	167	70	152	2	8	2	15	26	43	53	240	6	11	3	298	14	66	14	151	12	24	76	189
2008	성동구	용답동	2,009	499	10,911	7,247	3,664	-	-	-	-	187	1,031	2	341	6	270	44	331	682	2,510	166	1,968	259	673	16	97	144	875	82	244	33	559	20	717	2	48	47	264	39	289	49	110	231	584
2008	성동구	왕십리도선동	1,795	463	8,465	5,017	3,448	-	-	-	-	449	1,624	-	-	-	-	43	411	435	1,267	109	226	310	849	28	149	20	717	73	824	38	396	15	633	3	94	44	304	39	518	47	82	142	371
2008	성동구	금호2.3가동	1,054	433	2,442	1,118	1,324	-	-	-	-	108	348	-	-	-	-	21	73	250	468	158	205	195	414	1	5	6	47	60	102	5	25	2	5	1	17	50	220	42	224	19	51	136	238
2008	성동구	옥수동	852	307	2,745	1,430	1,315	-	-	-	-	52	225	-	-	1	2	50	281	144	407	108	124	106	278	7	51	7	50	95	242	22	83	2	5	1	17	60	428	33	164	23	96	141	292
2008	광진구	소계	23,891	8,250	104,674	58,693	45,981	-	-	-	-	1,847	9,358	7	163	10	94	654	4,609	6,273	17,955	2,537	6,502	4,398	14,834	250	3,704	198	2,451	1,190	3,622	659	5,248	308	5,634	37	3,032	1,134	11,904	691	6,181	1,018	3,385	2,680	5,998
2008	광진구	화양동	2,286	851	13,006	7,087	5,919	-	-	-	-	81	339	-	-	1	19	28	158	460	1,358	92	314	846	3,140	40	203	11	126	96	262	52	413	45	700	2	84	76	2,985	48	1,762	189	491	219	652
2008	광진구	군자동	1,585	544	7,097	4,061	3,036	-	-	-	-	169	729	1	1	-	-	51	302	359	943	134	500	320	881	19	103	10	132	75	138	46	359	30	199	1	19	69	2,151	46	240	69	108	186	292
2008	광진구	중곡1동	1,576	507	6,133	3,668	2,465	-	-	-	-	271	1,729	-	-	1	1	36	212	426	1,312	156	567	269	643	9	77	11	102	54	92	26	334	15	91	2	82	43	121	38	198	57	140	162	432
2008	광진구	중곡2동	1,608	550	6,203	3,038	3,165	-	-	-	-	170	888	-	-	-	-	53	249	388	1,253	177	314	234	537	13	123	15	150	83	165	43	243	25	980	3	25	83	454	61	388	56	93	204	341
2008	광진구	중곡3동	1,324	471	4,232	2,209	2,023	-	-	-	-	205	978	-	-	-	-	26	104	268	647	193	471	226	467	2	4	2	19	53	88	11	59	7	70	1	15	62	255	52	647	52	98	164	310
2008	광진구	중곡4동	1,474	500	4,377	2,291	2,086	-	-	-	-	163	778	-	-	2	43	32	141	331	787	284	423	188	421	2	8	6	55	50	100	14	52	13	31	3	39	81	701	55	265	59	123	191	410
2008	광진구	능동	631	199	3,766	2,234	1,532	-	-	-	-	46	263	-	-	-	-	22	241	163	804	66	93	90	306	13	118	7	295	34	84	28	205	12	390	3	58	29	453	19	108	41	245	58	103
2008	광진구	구의1동	1,850	645	6,403	3,761	2,642	-	-	-	-	108	378	1	24	-	-	47	263	389	1,197	126	187	386	976	35	192	25	264	112	252	165	724	27	268	6	497	63	409	43	241	101	176	216	355
2008	광진구	구의2동	1,326	452	4,567	2,551	2,016	-	-	-	-	104	584	1	94	-	-	44	190	331	935	215	476	214	578	8	57	7	81	55	103	20	220	5	35	1	19	63	386	40	320	46	90	172	399
2008	광진구	구의3동	2,709	854	13,261	8,344	4,917	-	-	-	-	52	437	1	8	2	5	66	819	1,327	3,521	152	917	376	1,289	44	1,375	27	212	109	671	57	1,531	28	423	3	137	131	735	58	340	64	134	212	707
2008	광진구	광장동	1,175	434	8,930	5,164	3,766	-	-	-	-	47	215	1	8	2	5	76	543	276	973	67	83	192	2,470	13	203	21	373	99	714	67	414	28	212	2	95	99	1,069	39	166	37	1,081	109	306
2008	광진구	자양1동	1,732	601	8,114	4,178	3,936	-	-	-	-	124	632	-	-	1	18	57	478	496	1,273	183	346	246	612	19	169	17	248	86	198	48	278	26	1,044	2	911	71	437	65	822	62	133	229	515
2008	광진구	자양2동	1,423	453	7,453	4,120	3,333	-	-	-	-	71	352	1	6	1	3	57	496	272	813	251	396	207	594	20	938	12	150	89	250	41	193	17	790	4	990	103	841	40	203	56	105	181	333
2008	광진구	자양3동	1,123	403	4,688	2,395	2,293	-	-	-	-	44	179	-	-	-	-	16	87	198	682	236	606	195	955	5	101	16	180	92	285	11	64	9	240	2	43	97	618	33	192	24	79	145	377
2008	광진구	자양4동	2,069	786	6,444	3,592	2,852	-	-	-	-	192	877	1	22	-	-	43	326	589	1,457	205	809	409	965	8	33	11	64	103	220	30	159	21	161	2	18	64	289	54	289	105	289	232	466
2008	동대문구	소계	28,704	9,743	120,123	67,195	52,928	-	-	1	8	2,905	13,456	1	21	17	128	671	4,851	10,468	27,734	1,821	5,362	5,141	13,072	157	1,662	303	4,913	1,254	4,151	435	8,743	205	5,407	60	2,072	863	11,444	797	9,165	794	2,257	2,811	5,677
2008	동대문구	신설동	2,149	573	15,326	8,829	6,497	-	-	-	-	343	1,395	-	-	1	3	59	671	822	3,056	36	141	352	998	30	491	66	1,128	110	407	75	2,964	21	1,644	4	92	37	1,314	21	245	42	462	130	315
2008	동대문구	제기1동	2,897	1,192	5,967	3,354	2,613	-	-	-	-	145	305	-	-	-	-	30	64	1,985	3,852	47	73	387	719	2	6	12	103	45	135	11	39	8	12	2	21	24	225	35	140	16	27	148	246
2008	동대문구	제기2동	1,850	541	5,913	3,499	2,414	-	-	-	-	241	559	1	21	1	2	29	98	842	2,245	50	143	225	550	7	101	20	317	81	188	17	302	19	314	2	41	28	187	128	438	26	45	133	362
2008	동대문구	전농1동	519	199	1,522	959	563	-	-	-	-	34	105	-	-	1	2	13	50	134	293	45	213	110	166	-	-	2	22	39	92	6	76	2	2	3	104	17	120	15	112	16	30	82	135
2008	동대문구	전농3동	676	268	2,216	984	1,232	-	-	-	-	33	115	-	-	-	-	11	23	156	342	93	95	110	304	1	5	4	39	36	121	7	16	4	7	2	102	65	638	32	131	25	75	97	203
2008	동대문구	답십리1동	429	151	1,124	619	505	-	-	-	-	54	210	-	-	-	-	11	23	97	189	29	43	79	184	1	7	2	21	29	47	2	3	1	2	2	74	25	101	10	80	18	29	69	111
2008	동대문구	답십리2동	604	227	1,561	743	818	-	-	-	-	70	201	-	-	-	-	26	50	152	410	71	86	81	170	1	7	3	20	36	185	3	11	1	2	1	12	27	117	34	140	19	29	79	121
2008	동대문구	답십리4동	1,346	308	3,603	2,517	1,086	-	-	-	-	103	377	-	-	1	2	33	182	694	1,524	119	165	132	312	3	4	3	24	43	294	13	63	11	154	3	23	39	164	15	60	25	84	109	171
2008	동대문구	장안1동	2,511	751	12,512	6,435	6,077	-	-	-	-	494	3,439	-	-	-	-	78	768	868	2,806	116	188	376	932	11	261	35	1,158	82	229	41	434	15	938	4	117	40	321	42	330	70	107	239	484
2008	동대문구	장안2동	1,292	471	5,550	2,890	2,660	-	-	1	8	118	775	-	-	4	51	24	120	396	1,481	129	429	240	979	4	34	7	59	70	143	14	58	2	48	2	95	65	528	49	378	52	141	115	223
2008	동대문구	장안3동	1,292	361	6,613	4,516	2,097	-	-	-	-	204	1,031	-	-	1	17	27	397	326	1,073	133	973	207	592	4	18	18	285	67	693	21	156	13	171	6	251	36	246	27	150	32	220	170	340
2008	동대문구	장안4동	1,316	454	4,218	2,136	2,082	-	-	-	-	181	1,079	-	-	1	4	33	116	326	932	154	253	240	521	5	26	4	33	51	85	15	30	4	26	1	12	52	293	39	329	60	124	150	355
2008	동대문구	회기동	882	404	8,567	4,235	4,332	-	-	-	-	24	58	-	-	-	-	18	55	231	534	27	34	356	1,176	9	98	8	59	21	65	8	202	11	37	2	14	37	3,247	15	2,730	48	105	67	153
2008	동대문구	휘경1동	1,007	332	3,625	1,929	1,696	-	-	-	-	72	325	-	-	1	2	28	184	259	665	127	223	209	541	6	21	4	35	53	171	10	46	12	861	1	19	43	114	24	102	35	84	123	232
2008	동대문구	휘경2동	655	249	3,577	1,786	1,791	-	-	-	-	42	421	-	-	1	3	16	71	150	365	84	101	114	249	1	3	2	13	48	136	4	5	7	94	5	122	53	1,096	28	735	18	36	82	127
2008	동대문구	이문1동	570	234	1,276	654	622	-	-	-	-	12	18	-	-	1	2	18	27	140	258	54	63	106	266	2	8	5	60	34	58	4	7	5	10	2	80	19	56	22	119	42	86	104	158
2008	동대문구	이문2동	802	334	2,784	1,484	1,300	-	-	-	-	19	47	-	-	-	-	20	93	161	307	54	67	253	613	4	13	5	50	55	86	6	8	14	21	2	14	40	1,110	25	107	38	72	106	176
2008	동대문구	이문3동	678	265	1,679	886	793	-	-	-	-	31	117	-	-	-	-	16	31	135	253	105	341	147	278	2	3	2	12	42	97	4	17	1	1	2	14	46	219	33	127	15	25	97	144
2008	동대문구	용두동	2,769	877	12,168	7,280	4,888	-	-	-	-	404	1,571	-	-	2	3	74	643	1,142	3,420	84	214	418	920	39	196	41	289	98	304	64	2,488	24	397	5	105	37	270	55	806	44	94	238	448
2008	동대문구	전농2동	1,342	474	5,392	2,915	2,477	-	-	-	-	102	340	-	-	-	-	34	133	369	1,219	81	835	395	1,174	5	79	8	75	61	86	16	62	5	11	1	1	36	196	32	778	52	127	145	276
2008	동대문구	답십리3동	1,446	428	7,402	4,676	2,726	-	-	-	-	103	787	-	-	-	-	54	956	595	1,471	83	551	218	527	7	23	25	576	81	267	29	306	11	616	3	16	33	261	41	425	32	51	131	569
2008	동대문구	청량리동	1,672	650	7,528	3,869	3,659	-	-	-	-	76	181	-	-	2	37	19	96	488	1,039	100	131	386	901	13	258	27	535	72	262	65	1,450	14	39	5	743	64	621	75	703	69	204	197	328
2008	중랑구	소계	25,809	8,335	83,736	46,200	37,536	-	-	-	-	2,722	12,652	3	134	13	123	653	3,514	5,481	14,744	5,868	12,217	4,143	10,135	80	809	138	1,529	1,053	2,521	233	1,239	143	1,607	41	2,820	930	7,322	683	4,865	903	2,365	2,722	5,140
2008	중랑구	면목2동	1,969	587	6,079	3,334	2,745	-	-	-	-	358	1,783	-	-	-	-	67	309	422	1,026	323	739	285	596	9	105	3	19	86	197	18	49	6	60	3	100	74	340	43	220	62	137	210	399
2008	중랑구	면목4동	1,030	341	3,362	1,939	1,423	-	-	-	-	116	636	-	-	1	1	31	178	184	454	251	761	146	324	-	-	2	9	50	104	8	24	2	6	4	70	42	330	25	136	30	100	138	229
2008	중랑구	면목5동	972	274	3,441	2,251	1,190	-	-	-	-	196	798	-	-	2	16	51	198	228	854	148	722	121	263	4	7	3	31	33	64	11	31	6	49	2	76	14	26	19	109	29	47	105	150
2008	중랑구	면목7동	1,466	510	4,085	2,009	2,076	-	-	-	-	207	1,072	-	-	-	-	28	63	351	763	263	445	227	554	2	9	8	76	76	193	15	85	1	2	1	14	39	175	40	221	48	113	160	300
2008	중랑구	상봉1동	853	259	4,236	2,554	1,682	-	-	-	-	60	425	-	-	-	-	17	80	149	475	262	1,206	94	430	9	239	9	171	45	167	6	10	1	3	1	15	44	449	25	232	22	60	109	274
2008	중랑구	상봉2동	1,914	729	7,994	4,293	3,701	-	-	-	-	203	932	-	-	2	22	35	218	463	1,844	136	610	550	1,444	14	126	24	420	59	129	20	307	19	501	2	20	31	313	49	403	130	369	177	336
2008	중랑구	중화1동	1,062	344	3,761	1,850	1,911	-	-	-	-	119	631	1	21	-	-	48	272	216	561	221	254	111	280	2	7	3	25	55	126	13	175	13	100	2	23	84	664	33	167	19	85	122	370
2008	중랑구	중화2동	2,137	767	5,402	2,894	2,508	-	-	-	-	216	823	-	-	5	16	48	257	560	1,374	334	388	412	887	2	19	15	119	66	131	33	166	21	114	3	43	32	98	50	283	89	209	251	475
2008	중랑구	묵1동	1,312	410	4,649	2,584	2,065	-	-	-	-	59	339	1	96	-	-	37	439	271	751	326	392	191	556	8	61	8	92	83	219	11	69	9	136	2	47	54	562	43	298	51	227	158	365
2008	중랑구	묵2동	1,818	484	4,720	2,976	1,744	-	-	-	-	130	576	-	-	-	-	61	448	351	775	600	738	254	474	6	57	10	95	55	119	24	73	11	117	3	408	48	315	28	162	56	97	181	266
2008	중랑구	망우3동	1,075	338	3,079	1,745	1,334	-	-	-	-	185	884	-	-	1	22	33	133	193	363	252	516	145	285	1	7	2	15	33	46	5	21	5	15	1	16	43	389	20	114	19	53	137	200
2008	중랑구	신내1동	1,483	424	5,520	3,755	1,765	-	-	-	-	95	376	-	-	1	45	26	148	246	814	496	2,008	195	611	3	66	4	46	71	178	10	42	3	13	1	19	86	363	47	338	50	125	149	328
2008	중랑구	신내2동	1,083	369	5,132	2,701	2,431	-	-	-	-	12	26	-	-	-	-	15	129	216	680	357	395	113	444	4	11	4	39	61	338	17	55	8	20	7	1,775	99	700	50	245	20	52	100	223
2008	중랑구	면목본동	2,308	877	6,209	2,815	3,394	-	-	-	-	336	1,588	-	-	1	1	51	284	533	1,223	323	520	418	887	4	27	11	73	109	142	15	44	11	64	2	40	84	449	72	360	79	144	259	363
2008	중랑구	면목3.8동	2,746	727	6,986	3,981	3,005	-	-	-	-	201	791	1	17	-	-	37	108	422	883	1,127	1,553	405	969	6	47	8	58	72	150	9	16	11	20	2	42	72	1,180	58	617	103	219	212	316
2008	중랑구	망우본동	2,581	895	9,081	4,519	4,562	-	-	-	-	229	972	-	-	-	-	68	250	676	1,904	449	970	476	1,131	6	21	24	241	99	218	18	72	16	387	5	112	84	969	81	960	96	328	254	546
2008	성북구	소계	23,246	7,965	88,567	48,034	40,533	-	-	-	-	2,121	8,453	-	-	9	156	493	3,679	5,113	14,514	3,771	7,292	4,260	11,331	134	1,604	174	2,146	1,227	2,556	296	2,347	138	1,760	53	3,234	1,119	15,107	777	6,934	734	2,008	2,827	5,446
2008	성북구	돈암1동	390	120	1,583	833	750	-	-	-	-	12	37	-	-	-	-	12	200	63	129	94	96	36	110	1	9	2	11	35	100	2	6	-	-	1	12	41	507	18	217	9	23	64	126
2008	성북구	돈암2동	373	141	1,618	727	891	-	-	-	-	5	10	-	-	-	-	11	26	55	135	89	89	23	65	2	23	9	74	39	234	4	11	2	389	2	73	50	243	17	104	5	22	60	120
2008	성북구	안암동	1,217	409	10,419	5,805	4,614	-	-	-	-	54	180	-	-	-	-	27	507	250	1,122	94	151	400	1,517	17	73	9	74	58	142	24	370	19	55	2	72	46	3,451	26	2,261	68	163	123	281
2008	성북구	보문동	1,315	396	4,145	2,398	1,747	-	-	-	-	114	425	-	-	-	-	36	388	335	977	288	375	173	432	14	126	10	86	70	141	27	168	4	13	5	95	34	305	30	188	24	51	151	375
2008	성북구	정릉1동	725	233	1,740	948	792	-	-	-	-	56	193	-	-	1	2	20	145	113	243	180	234	101	232	-	-	2	13	49	142	5	7	1	2	2	15	52	128	26	157	21	52	96	175
2008	성북구	정릉2동	852	288	2,227	1,280	947	-	-	-	-	39	86	-	-	-	-	14	55	171	479	217	446	127	323	1	5	4	46	52	100	2	3	1	3	2	17	47	271	27	111	29	69	119	213
2008	성북구	정릉3동	713	222	3,609	2,155	1,454	-	-	-	-	36	223	-	-	-	-	12	22	131	289	181	717	141	357	2	15	2	11	18	22	4	14	3	6	2	15	45	1,578	13	109	27	58	96	173
2008	성북구	정릉4동	811	239	3,479	2,285	1,194	-	-	-	-	29	122	-	-	-	-	7	29	156	368	213	1,031	127	369	-	-	7	43	50	103	7	91	2	3	2	15	39	734	35	178	20	193	117	200
2008	성북구	길음1동	903	377	2,559	1,177	1,382	-	-	-	-	28	76	-	-	-	-	8	14	226	753	166	205	160	321	-	-	12	80	59	126	11	39	4	7	3	31	48	391	41	240	25	62	112	214
2008	성북구	길음2동	970	357	4,055	1,766	2,289	-	-	-	-	24	94	-	-	-	-	19	160	247	1,145	105	113	210	788	2	257	10	330	76	107	14	43	13	56	3	39	44	156	40	339	24	150	139	278
2008	성북구	월곡1동	1,302	429	4,191	2,295	1,896	-	-	-	-	166	635	-	-	-	-	33	250	303	1,064	245	324	193	409	4	112	10	156	63	160	6	16	5	11	1	18	48	393	54	282	27	80	144	281
2008	성북구	월곡2동	1,383	463	5,947	3,143	2,804	-	-	-	-	224	1,070	-	-	2	47	16	59	262	685	195	277	252	616	9	77	10	95	67	133	22	973	7	29	2	20	57	1,194	43	249	52	128	163	295
2008	성북구	장위1동	1,138	381	2,708	1,343	1,365	-	-	-	-	136	627	-	-	-	-	15	87	246	493	242	313	149	290	-	-	5	48	63	84	4	4	3	5	2	17	44	249	39	176	33	60	157	255
2008	성북구	장위2동	1,690	543	4,780	2,383	2,397	-	-	-	-	335	1,566	-	-	1	3	35	147	389	797	228	452	293	556	9	29	8	66	80	113	17	49	3	10	2	75	41	253	45	326	47	89	157	249
2008	성북구	장위3동	1,173	365	3,917	2,389	1,528	-	-	-	-	162	783	-	-	1	20	30	114	291	698	214	1,015	190	377	1	12	3	31	42	85	8	17	5	29	2	32	35	238	30	177	29	101	130	188
2008	성북구	성북동	1,005	372	4,566	2,423	2,143	-	-	-	-	46	179	-	-	-	-	36	337	224	678	117	155	152	673	29	484	10	160	65	115	29	131	12	255	3	41	74	669	42	194	20	64	146	431
2008	성북구	삼선동	1,687	633	8,098	4,583	3,515	-	-	-	-	79	234	-	-	-	-	36	230	435	1,124	161	189	366	793	13	84	22	204	67	104	59	248	21	160	7	2,061	94	1,835	70	395	70	118	187	319
2008	성북구	동선동	1,658	680	6,173	2,762	3,411	-	-	-	-	44	147	-	-	-	-	32	255	375	1,128	79	127	487	1,526	20	203	13	143	71	127	27	90	11	267	1	13	100	948	66	362	85	224	247	613
2008	성북구	종암동	1,802	607	6,178	3,477	2,701	-	-	-	-	308	943	-	-	-	-	34	369	343	830	255	280	304	798	6	81	16	378	98	210	12	36	7	11	6	494	96	659	58	577	55	142	204	370
2008	성북구	석관동	2,139	710	6,575	3,862	2,713	-	-	-	-	224	823	-	-	4	84	60	285	498	1,377	408	703	376	779	4	14	10	97	105	208	12	31	15	449	3	79	84	905	57	292	64	159	215	290
2008	강북구	소계	19,179	6,625	64,065	33,275	30,790	-	-	-	-	1,326	5,835	3	239	2	61	497	1,677	4,006	9,862	3,639	7,211	3,755	9,988	65	1,180	200	3,817	987	1,975	233	950	97	2,753	43	2,533	678	5,070	609	4,454	792	2,007	2,247	4,453
2008	강북구	번1동	1,669	614	7,892	3,626	4,266	-	-	-	-	103	424	-	-	-	-	55	301	351	981	175	377	398	1,302	10	38	76	1,807	83	218	30	137	17	471	4	427	55	351	54	346	80	312	178	400
2008	강북구	번2동	712	154	3,060	2,015	1,045	-	-	-	-	42	388	1	148	-	-	26	80	98	324	292	834	61	149	4	63	1	1	33	124	4	24	4	184	3	63	20	125	15	269	23	120	85	164
2008	강북구	번3동	736	200	2,305	1,398	907	-	-	-	-	41	371	-	-	1	36	14	28	97	292	282	488	79	177	1	5	2	16	32	135	8	26	1	12	2	17	45	269	27	150	26	60	78	223
2008	강북구	수유1동	1,579	581	5,051	2,407	2,644	-	-	-	-	105	382	-	-	-	-	30	100	492	1,356	245	519	282	650	2	9	12	142	69	133	9	20	5	129	4	233	48	669	56	337	49	84	171	288
2008	강북구	수유2동	1,329	457	3,564	1,877	1,687	-	-	-	-	88	355	-	-	-	-	53	172	270	644	229	253	215	515	6	30	5	36	70	93	12	29	6	504	2	16	66	173	42	243	57	117	208	384
2008	강북구	수유3동	2,548	948	8,140	3,924	4,216	-	-	-	-	159	579	-	-	-	-	47	143	550	1,284	323	405	669	1,852	13	49	45	837	101	166	51	166	8	27	5	1,161	47	284	66	284	205	433	259	470
2008	강북구	삼양동	1,289	452	2,978	1,562	1,416	-	-	-	-	109	347	-	-	-	-	27	79	259	471	272	520	159	310	1	4	6	51	103	163	10	25	3	4	2	21	52	294	55	303	45	112	186	274
2008	강북구	미아동	1,842	613	6,409	3,493	2,916	-	-	-	-	131	594	-	-	-	-	48	173	349	826	422	682	357	963	2	36	20	472	96	166	19	119	15	737	3	28	54	600	53	415	61	111	212	487
2008	강북구	송중동	1,906	674	6,796	3,329	3,467	-	-	-	-	133	686	-	-	1	25	50	149	390	1,101	302	340	416	1,298	9	530	12	214	95	193	21	88	13	232	3	168	86	606	68	496	82	212	225	458
2008	강북구	송천동	2,259	800	6,759	3,258	3,501	-	-	-	-	239	1,018	-	-	-	-	71	250	502	1,200	272	328	465	1,034	7	65	11	149	154	303	46	193	15	57	6	268	68	633	73	512	58	112	272	637
2008	강북구	삼각산동	615	198	1,448	671	777	-	-	-	-	20	39	1	1	-	-	4	7	104	192	213	213	80	197	1	3	5	40	40	129	5	8	3	5	2	37	36	254	37	184	17	31	47	108
2008	강북구	우이동	1,065	411	3,889	2,525	1,364	-	-	-	-	45	182	-	-	-	-	13	31	211	494	217	1,435	332	957	2	14	3	38	32	44	5	8	2	10	3	19	19	115	21	124	46	178	114	240
2008	강북구	인수동	1,630	523	5,774	3,190	2,584	-	-	-	-	111	470	1	90	-	-	59	164	333	697	395	817	242	584	7	334	2	14	79	108	13	107	5	381	4	75	82	697	42	791	43	125	212	320
2008	도봉구	소계	17,429	5,662	60,583	34,190	26,393	-	-	1	14	908	3,882	-	-	9	123	398	1,421	3,455	10,315	4,426	10,228	2,639	6,672	57	373	102	1,125	946	2,864	179	851	99	1,529	35	3,108	984	7,778	591	4,577	576	1,544	2,024	4,179
2008	도봉구	쌍문1동	928	282	3,422	1,778	1,644	-	-	-	-	48	154	-	-	-	-	14	31	168	381	303	581	126	277	3	12	3	24	39	95	4	33	5	12	1	17	54	1,314	27	254	24	62	109	175
2008	도봉구	쌍문2동	1,253	418	4,863	2,634	2,229	-	-	-	-	70	293	-	-	-	-	38	169	290	844	261	634	173	434	2	10	5	101	55	178	16	48	6	656	2	73	81	503	45	508	42	95	167	317
2008	도봉구	쌍문3동	904	325	3,056	1,488	1,568	-	-	-	-	53	233	-	-	2	25	28	109	247	656	123	142	134	368	2	3	4	15	56	133	14	76	9	32	1	13	47	210	31	786	28	57	125	198
2008	도봉구	쌍문4동	562	213	1,781	882	899	-	-	-	-	7	11	-	-	-	-	12	28	102	187	144	149	52	176	-	-	2	37	34	176	3	6	-	-	1	19	91	751	23	85	16	43	75	113
2008	도봉구	방학1동	2,142	816	10,335	6,224	4,111	-	-	-	-	79	362	-	-	1	1	41	169	481	1,822	293	1,855	475	1,191	5	78	16	189	138	356	32	215	9	40	9	1,838	101	684	82	598	117	229	263	708
2008	도봉구	방학2동	1,292	422	2,745	1,375	1,370	-	-	-	-	125	452	-	-	-	-	31	78	305	652	315	328	172	345	1	2	2	22	48	64	2	3	3	21	1	16	48	228	40	253	37	59	162	222
2008	도봉구	방학3동	820	218	2,692	1,602	1,090	-	-	-	-	17	54	-	-	-	-	10	11	110	330	338	749	88	265	1	5	4	51	45	217	5	9	1	1	3	19	71	519	29	268	21	54	77	140
2008	도봉구	창1동	1,116	378	3,369	1,647	1,722	-	-	-	-	43	196	-	-	-	-	35	154	189	600	311	349	156	372	4	85	9	112	81	240	8	30	7	98	3	50	58	542	50	271	31	64	131	206
2008	도봉구	창2동	1,310	382	3,911	2,363	1,548	-	-	1	14	162	1,106	-	-	2	8	34	85	260	666	312	717	146	303	1	2	3	27	78	156	2	3	7	36	2	21	72	277	35	171	31	65	162	254
2008	도봉구	창3동	1,003	351	1,858	928	930	-	-	-	-	74	192	-	-	-	-	23	49	242	407	227	236	153	270	1	3	1	9	50	80	4	6	2	7	1	23	46	190	33	186	24	41	122	159
2008	도봉구	창4동	1,105	316	7,130	4,072	3,058	-	-	-	-	19	74	-	-	1	13	36	166	215	1,362	209	1,043	169	649	20	88	32	350	73	431	42	258	15	151	4	786	85	958	35	147	47	427	103	227
2008	도봉구	창5동	1,308	465	5,007	2,592	2,415	-	-	-	-	39	135	-	-	1	4	25	84	243	857	246	449	206	768	5	37	10	102	87	256	19	66	16	225	3	126	125	750	63	421	58	124	162	603
2008	도봉구	도봉1동	1,695	598	5,315	3,059	2,256	-	-	-	-	127	518	-	-	2	72	40	100	376	899	287	1,191	366	820	10	41	9	67	78	130	11	26	10	95	2	18	47	489	47	316	71	170	212	363
2008	도봉구	도봉2동	1,991	478	5,099	3,546	1,553	-	-	-	-	45	102	-	-	-	-	31	188	227	652	1,057	1,805	223	434	2	7	2	19	84	352	17	72	9	155	2	89	58	363	51	313	29	54	154	494
2008	노원구	소계	24,882	8,363	98,608	50,399	48,209	-	-	1	1	764	3,762	4	351	15	185	410	1,672	4,744	14,733	6,499	12,076	3,935	12,940	75	793	227	3,876	1,352	5,499	356	1,874	137	846	40	3,565	1,668	17,500	1,191	11,098	842	2,385	2,622	5,452
2008	노원구	월계1동	972	339	3,143	1,740	1,403	-	-	-	-	43	236	-	-	-	-	15	75	151	323	216	256	209	607	6	20	5	45	54	134	6	14	10	19	1	15	45	715	48	373	62	111	101	200
2008	노원구	월계2동	790	162	2,295	1,251	1,044	-	-	-	-	20	256	-	-	-	-	8	21	69	158	447	530	51	181	1	7	1	20	32	125	3	15	-	-	2	40	55	643	31	181	7	28	63	90
2008	노원구	월계3동	646	180	1,961	1,099	862	-	-	-	-	4	7	-	-	-	-	7	12	85	359	312	662	40	123	1	4	3	35	43	168	6	16	1	12	1	12	34	233	51	189	2	6	56	123
2008	노원구	월계4동	978	316	4,121	2,643	1,478	-	-	-	-	57	190	-	-	2	15	10	72	183	481	221	1,075	213	544	4	39	3	29	36	157	11	50	12	56	2	86	36	787	31	190	52	128	105	222
2008	노원구	공릉2동	1,747	567	8,855	4,493	4,362	-	-	-	-	39	482	-	-	-	-	24	257	267	799	507	545	287	858	8	58	11	74	105	378	33	245	12	47	1	15	111	2,711	82	1,647	81	376	179	363
2008	노원구	하계1동	1,094	393	7,704	3,900	3,804	-	-	-	-	54	618	-	-	-	-	27	141	358	1,340	165	763	161	755	3	27	9	60	42	320	13	141	4	20	3	618	79	1,202	43	1,339	20	103	113	257
2008	노원구	하계2동	423	121	1,167	585	582	-	-	-	-	7	19	-	-	-	-	-	-	65	146	173	173	35	92	-	-	3	23	31	172	2	3	-	-	1	16	28	306	33	130	3	7	42	80
2008	노원구	중계본동	1,195	426	4,780	2,545	2,235	-	-	-	-	53	141	-	-	-	-	26	84	198	492	232	402	175	558	3	207	5	54	85	389	8	11	6	99	1	20	193	1,732	49	255	36	98	125	238
2008	노원구	중계1동	904	300	3,923	1,877	2,046	-	-	-	-	7	16	-	-	-	-	18	44	130	640	206	209	105	510	-	-	8	105	82	339	6	16	2	7	2	88	167	1,363	51	233	25	146	95	207
2008	노원구	중계2동	512	244	1,581	677	904	-	-	-	-	5	8	-	-	-	-	4	9	166	283	95	105	90	261	2	17	3	37	26	157	4	9	-	-	1	23	27	251	33	258	7	21	49	142
2008	노원구	중계3동	883	333	3,489	1,493	1,996	-	-	-	-	18	78	-	-	-	-	6	23	381	1,425	236	236	89	461	1	5	1	8	18	174	8	25	3	7	2	89	24	563	36	197	9	89	51	109
2008	노원구	중계4동	956	354	3,000	1,536	1,464	-	-	-	-	20	66	-	-	2	16	14	34	186	455	188	193	208	562	2	5	5	47	58	194	5	10	2	5	1	16	71	800	46	261	49	144	99	192
2008	노원구	상계1동	2,557	607	7,317	4,352	2,965	-	-	-	-	55	314	-	-	4	31	30	113	278	1,172	1,262	1,633	324	1,097	5	62	3	34	100	338	30	488	10	107	2	38	107	771	74	456	73	158	200	505
2008	노원구	상계2동	2,020	843	7,803	3,376	4,427	-	-	-	-	71	211	-	-	2	10	36	70	469	1,676	165	358	573	2,118	14	80	13	259	91	307	15	46	16	97	2	37	105	724	70	801	118	304	260	705
2008	노원구	상계5동	1,327	514	2,882	1,354	1,528	-	-	-	-	62	163	-	-	1	1	36	96	305	686	222	278	213	441	2	6	4	62	76	171	12	19	5	15	1	22	95	306	42	192	50	86	201	338
2008	노원구	상계8동	605	193	1,805	871	934	-	-	-	-	7	15	-	-	-	-	8	25	106	277	196	206	59	139	1	1	6	66	26	173	4	19	2	13	1	12	52	482	64	228	14	31	59	118
2008	노원구	상계9동	715	235	2,327	1,123	1,204	-	-	-	-	6	13	-	-	-	-	8	21	109	449	289	298	65	215	-	-	4	58	39	194	3	8	1	1	2	85	69	635	48	195	19	55	53	100
2008	노원구	상계10동	457	142	1,867	1,101	766	-	-	-	-	2	4	-	-	2	30	5	18	59	141	171	532	36	127	3	8	1	9	27	157	7	22	5	12	2	92	42	452	30	118	20	41	45	104
2008	노원구	공릉1.3동	2,456	779	9,421	5,425	3,996	-	-	-	-	127	653	-	-	1	25	53	286	495	1,409	546	1,772	394	1,068	10	110	19	209	130	430	129	534	18	122	6	673	78	748	96	666	78	151	276	565
2008	노원구	상계3.4동	1,731	623	4,607	2,843	1,764	-	-	-	-	87	234	-	-	-	-	44	103	383	707	358	1,540	272	529	2	7	3	32	100	220	9	13	9	29	1	1	64	325	59	362	63	106	277	399
2008	노원구	상계6.7동	1,914	692	14,560	6,115	8,445	-	-	1	1	20	38	4	351	1	57	31	168	301	1,315	292	310	336	1,694	7	130	117	2,610	151	802	42	170	19	178	5	1,567	186	1,751	174	2,827	54	196	173	395
2008	은평구	소계	22,280	8,283	73,244	38,166	35,078	-	-	1	1	897	3,087	4	273	7	117	554	3,041	5,001	13,136	4,403	8,678	3,821	10,014	75	879	177	2,385	1,332	2,643	274	1,796	94	1,098	48	4,081	1,305	8,635	806	6,306	781	1,870	2,700	5,204
2008	은평구	녹번동	1,610	572	8,910	4,712	4,198	-	-	1	1	96	472	3	265	1	11	61	400	310	905	209	277	287	863	11	62	7	53	110	234	55	494	15	40	11	3,003	91	764	57	464	47	138	238	464
2008	은평구	불광1동	1,470	588	5,037	2,232	2,805	-	-	-	-	44	94	-	-	-	-	22	30	304	801	245	271	268	821	5	52	27	487	121	285	21	463	6	9	2	28	87	517	68	407	53	195	197	577
2008	은평구	갈현1동	1,431	514	4,974	2,344	2,630	-	-	-	-	56	234	-	-	-	-	23	101	284	906	206	388	326	998	7	15	32	631	92	164	12	50	6	78	3	107	73	348	66	494	106	206	139	254
2008	은평구	갈현2동	1,466	605	4,718	2,327	2,391	-	-	-	-	57	149	-	-	1	15	38	237	372	926	178	230	289	883	4	48	8	68	78	132	15	47	6	79	1	14	131	1,214	48	217	71	134	169	325
2008	은평구	구산동	1,091	350	4,739	2,729	2,010	-	-	-	-	38	117	-	-	-	-	38	179	201	479	304	1,300	109	318	2	19	3	10	67	123	7	21	2	33	2	22	99	919	54	853	19	54	146	292
2008	은평구	대조동	2,515	1,166	7,056	3,117	3,939	-	-	-	-	93	263	-	-	-	-	54	263	893	2,216	206	347	508	1,345	9	117	20	242	116	218	29	80	10	56	3	88	111	545	112	573	87	210	264	493
2008	은평구	응암1동	2,210	613	6,631	3,554	3,077	-	-	-	-	77	261	-	-	1	1	39	388	329	1,142	877	892	294	769	13	426	16	132	90	173	54	233	12	238	4	88	91	684	64	731	58	135	191	338
2008	은평구	응암2동	755	266	1,749	867	882	-	-	-	-	27	85	-	-	-	-	11	36	157	293	191	206	97	176	1	6	4	58	57	101	8	24	1	1	2	28	33	79	26	389	21	94	119	173
2008	은평구	신사1동	1,207	406	3,242	1,841	1,401	-	-	-	-	53	222	-	-	-	-	39	83	220	501	299	625	167	367	5	40	7	61	73	133	11	116	5	21	2	18	76	462	52	290	45	72	153	231
2008	은평구	신사2동	872	273	2,292	1,380	912	-	-	-	-	30	76	-	-	-	-	17	55	150	318	293	600	76	193	3	14	2	5	57	132	4	6	3	13	2	79	82	497	21	110	17	32	115	162
2008	은평구	증산동	1,077	370	4,311	2,799	1,512	-	-	-	-	43	223	-	-	-	-	31	410	239	666	251	1,242	173	455	2	17	5	42	72	136	14	141	5	80	2	15	51	357	29	140	36	96	124	291
2008	은평구	수색동	884	346	2,703	1,781	922	-	-	-	-	43	82	1	8	1	14	12	119	239	579	169	881	173	262	2	14	6	55	37	58	4	22	4	8	3	72	32	178	24	129	32	44	102	178
2008	은평구	진관동	316	96	1,492	1,010	482	-	-	-	-	1	2	-	-	-	-	5	13	50	148	82	428	68	187	-	-	8	45	48	219	1	10	-	-	1	14	11	193	4	47	3	80	34	106
2008	은평구	불광2동	1,322	579	3,847	1,797	2,050	-	-	-	-	37	112	-	-	1	2	26	79	359	839	239	246	234	501	3	22	16	313	82	143	7	14	6	69	4	374	76	587	40	211	26	51	166	284
2008	은평구	응암3동	1,851	753	5,039	2,267	2,772	-	-	-	-	92	308	-	-	-	-	34	100	441	1,086	261	313	424	1,068	1	3	7	92	81	140	10	24	4	21	2	17	105	721	68	533	82	175	239	438
2008	은평구	역촌동	2,203	786	6,504	3,409	3,095	-	-	-	-	110	387	-	-	2	74	104	548	453	1,331	393	432	328	808	7	24	9	91	151	252	22	51	9	352	4	114	156	570	73	718	78	154	304	598
2008	서대문구	소계	18,180	6,859	86,083	44,373	41,710	-	-	-	-	721	2,823	2	516	7	137	338	2,385	4,345	13,581	2,829	5,508	3,972	13,324	170	3,044	198	5,355	887	2,149	243	2,005	183	3,215	40	3,261	917	11,836	587	10,040	585	1,690	2,156	5,214
2008	서대문구	천연동	698	287	2,122	1,075	1,047	-	-	-	-	46	127	-	-	-	-	8	22	168	400	67	88	135	348	4	22	4	42	46	100	4	8	7	20	4	92	52	427	35	155	27	74	91	197
2008	서대문구	홍제1동	1,077	420	3,545	1,707	1,838	-	-	-	-	46	185	-	-	-	-	36	215	223	612	180	249	164	435	4	12	11	146	69	208	11	57	6	15	2	19	88	647	52	353	28	90	157	302
2008	서대문구	홍제3동	1,158	482	3,463	1,605	1,858	-	-	-	-	51	135	-	-	-	-	20	66	366	854	137	146	210	572	2	44	10	98	47	103	6	18	3	50	2	185	69	426	51	343	33	73	151	350
2008	서대문구	홍제2동	569	252	1,749	946	803	-	-	-	-	18	114	1	245	-	-	10	34	119	284	69	83	82	200	3	32	5	33	47	140	11	51	3	9	2	17	49	152	31	134	21	54	98	167
2008	서대문구	홍은1동	1,037	379	2,510	1,368	1,142	-	-	-	-	38	79	-	-	-	-	18	32	289	563	187	357	148	317	14	90	5	32	51	174	4	13	4	24	3	102	65	226	34	214	29	73	148	214
2008	서대문구	홍은2동	1,719	368	5,874	3,633	2,241	-	-	-	-	54	314	-	-	1	20	26	193	185	497	891	1,470	197	1,044	7	38	4	44	51	153	13	29	8	18	2	30	84	1,271	31	344	37	150	128	259
2008	서대문구	남가좌1동	896	410	2,099	961	1,138	-	-	-	-	40	76	-	-	-	-	5	19	373	818	76	103	222	483	1	3	10	88	27	52	4	10	7	18	1	12	4	5	30	188	25	84	71	140
2008	서대문구	남가좌2동	1,392	548	3,610	1,911	1,699	-	-	-	-	47	113	-	-	3	71	35	79	293	571	231	259	281	734	6	15	7	56	81	132	6	12	9	100	2	90	77	703	46	183	61	129	207	363
2008	서대문구	북가좌1동	381	88	1,391	987	404	-	-	-	-	18	83	-	-	1	2	13	40	61	266	165	477	26	59	2	51	1	6	21	47	-	-	5	73	1	13	14	143	4	48	5	12	44	71
2008	서대문구	북가좌2동	1,370	515	3,876	2,297	1,579	-	-	-	-	66	296	-	-	-	-	36	246	220	538	301	873	217	570	7	98	7	71	105	175	13	34	6	22	3	42	96	227	56	214	51	131	186	339
2008	서대문구	충현동	1,441	474	17,912	10,877	7,035	-	-	-	-	49	227	1	271	1	42	28	747	288	2,870	122	522	347	1,033	56	1,938	69	3,637	59	202	68	964	60	2,043	8	1,088	56	1,444	35	304	39	101	155	479
2008	서대문구	북아현동	1,166	441	3,320	1,677	1,643	-	-	-	-	127	484	-	-	-	-	18	155	360	717	100	118	191	485	2	7	5	41	82	136	8	35	10	36	2	57	56	522	46	243	21	41	138	243
2008	서대문구	신촌동	3,522	1,579	25,936	10,593	15,343	-	-	-	-	40	224	-	-	-	-	15	84	951	3,124	54	226	1,457	6,110	47	572	42	883	121	351	49	492	35	438	5	196	114	4,595	85	6,675	159	447	348	1,519
2008	서대문구	연희동	1,754	616	8,676	4,736	3,940	-	-	-	-	81	366	-	-	1	2	70	453	449	1,467	249	537	295	934	15	122	18	178	80	176	46	282	20	349	3	1,318	93	1,048	51	642	49	231	234	571
2008	마포구	소계	28,014	8,706	181,144	103,363	77,781	1	1	3	15	1,390	8,635	7	506	25	274	946	10,524	6,331	26,608	3,208	12,128	5,202	18,013	1,337	20,571	436	11,083	1,518	7,421	1,432	11,867	642	19,485	59	4,045	1,233	13,033	780	5,655	797	2,910	2,667	8,370
2008	마포구	용강동	2,185	629	16,351	9,753	6,598	1	1	1	2	74	1,189	1	94	2	5	79	1,443	515	2,530	144	1,305	383	1,373	142	1,399	47	430	149	1,396	134	867	100	1,909	6	300	78	713	41	212	63	273	225	910
2008	마포구	대흥동	1,495	530	7,841	4,132	3,709	-	-	-	-	57	255	-	-	-	-	32	329	304	930	140	272	366	1,033	28	536	19	668	85	154	48	354	33	199	2	18	82	1,703	79	387	42	172	178	831
2008	마포구	염리동	741	270	4,296	2,536	1,760	-	-	-	-	44	206	-	-	-	-	9	20	167	409	101	372	127	283	17	306	5	1,083	61	174	12	90	10	316	2	17	51	560	18	105	18	38	99	317
2008	마포구	신수동	1,272	292	4,980	2,926	2,054	-	-	-	-	61	325	-	-	2	30	34	222	219	819	422	675	135	320	42	283	3	30	77	281	55	358	6	74	6	339	45	409	29	434	19	90	117	291
2008	마포구	서교동	6,555	2,120	45,437	23,370	22,067	-	-	1	4	228	2,083	-	-	2	52	206	2,906	1,473	6,604	307	2,051	1,714	7,202	478	4,871	166	4,285	214	1,858	507	3,117	173	4,783	6	129	254	1,494	169	1,363	229	840	428	1,795
2008	마포구	합정동	1,712	474	8,729	5,329	3,400	-	-	1	9	101	701	-	-	3	32	109	1,269	355	1,503	211	754	284	673	99	736	16	181	94	213	99	672	35	330	1	19	61	385	36	700	49	103	158	449
2008	마포구	망원1동	1,315	426	3,400	1,839	1,561	-	-	-	-	87	271	-	-	1	2	48	163	304	803	195	291	211	483	16	113	6	81	89	144	21	78	10	74	3	107	52	137	48	247	56	139	168	267
2008	마포구	망원2동	1,193	401	3,155	1,702	1,453	-	-	-	-	67	224	-	-	1	3	46	177	297	771	214	345	166	375	24	142	5	50	65	132	23	153	5	48	2	26	65	295	32	127	44	88	137	199
2008	마포구	연남동	1,047	306	4,253	2,572	1,681	-	-	-	-	60	335	1	39	1	2	65	406	235	841	164	482	152	393	43	318	2	11	45	72	41	239	35	400	2	23	34	255	21	109	26	103	120	225
2008	마포구	성산1동	1,212	296	7,179	4,389	2,790	-	-	-	-	91	555	1	19	4	55	94	798	279	1,288	181	668	132	594	58	518	5	43	47	152	58	330	31	995	3	27	54	514	22	225	37	74	115	324
2008	마포구	성산2동	1,601	512	7,857	4,652	3,205	-	-	-	-	43	189	-	-	2	4	28	126	490	1,743	286	488	201	682	10	127	9	61	90	510	32	219	14	65	5	1,144	116	898	50	379	41	351	184	871
2008	마포구	상암동	1,022	312	19,102	12,994	6,108	-	-	-	-	40	241	1	49	3	76	21	167	149	1,717	140	2,356	218	746	125	7,171	23	539	73	636	46	1,888	15	1,331	7	203	53	1,470	25	158	17	74	66	280
2008	마포구	도화동	1,608	522	12,288	7,042	5,246	-	-	-	-	55	212	-	-	1	3	51	967	366	1,356	176	768	276	1,345	74	867	42	776	85	571	82	714	48	3,443	3	137	75	328	59	285	52	112	163	404
2008	마포구	서강동	1,219	362	9,182	5,576	3,606	-	-	-	-	58	741	3	305	2	4	42	783	252	1,192	139	437	203	684	55	766	9	200	98	256	55	362	18	315	2	41	103	2,449	31	242	29	100	120	305
2008	마포구	공덕동	2,363	727	15,191	8,279	6,912	-	-	-	-	227	766	-	-	-	-	49	510	512	1,664	270	575	381	1,107	82	2,053	55	1,560	135	541	141	1,118	53	2,963	6	623	68	370	72	436	53	278	259	627
2008	마포구	아현동	1,474	527	11,903	6,272	5,631	-	-	-	-	97	342	-	-	1	6	33	238	414	2,438	118	289	253	720	44	365	24	1,085	111	331	78	1,308	56	2,240	3	892	42	1,053	48	246	22	75	130	275
2008	양천구	소계	24,333	8,317	103,390	58,592	44,798	-	-	-	-	1,138	4,956	7	455	15	230	667	4,003	5,252	17,534	4,957	12,618	3,450	10,475	237	4,991	206	2,571	1,385	4,215	539	5,820	202	4,903	44	3,272	1,886	12,229	803	7,253	809	2,163	2,736	5,702
2008	양천구	목1동	2,354	802	21,431	12,680	8,751	-	-	-	-	37	108	1	15	4	36	58	451	670	4,502	114	354	447	2,323	142	3,778	55	843	126	678	115	3,725	61	1,108	5	460	166	1,167	91	791	75	356	187	736
2008	양천구	목2동	1,139	417	3,223	1,711	1,512	-	-	-	-	42	214	1	16	-	-	34	192	241	631	214	258	161	357	6	163	5	63	93	161	10	53	5	67	1	16	74	288	44	289	49	87	159	368
2008	양천구	목3동	1,171	479	3,542	1,661	1,881	-	-	-	-	51	162	-	-	1	15	29	92	288	714	153	185	205	470	10	44	8	83	68	127	16	214	10	362	2	85	60	274	61	259	55	114	154	342
2008	양천구	목4동	1,344	538	4,384	2,359	2,025	-	-	-	-	56	193	-	-	-	-	42	213	301	803	175	809	223	600	2	6	6	61	92	183	16	68	4	39	1	16	144	802	47	186	52	101	183	304
2008	양천구	신월1동	1,708	620	4,317	2,592	1,725	-	-	-	-	143	596	-	-	-	-	59	224	455	1,032	319	676	253	517	2	4	5	66	80	105	7	131	1	3	2	81	58	171	38	237	59	125	227	349
2008	양천구	신월2동	1,025	282	3,248	1,878	1,370	-	-	-	-	80	423	1	17	1	4	36	157	190	518	319	685	100	268	2	22	3	34	40	74	12	47	6	20	1	13	55	381	29	310	27	62	123	213
2008	양천구	신월3동	917	278	3,903	2,380	1,523	-	-	-	-	71	516	-	-	1	23	23	173	267	1,049	229	750	107	287	1	6	14	52	25	51	3	50	4	11	3	40	33	523	23	133	18	58	95	181
2008	양천구	신월4동	1,036	296	2,688	1,653	1,035	-	-	-	-	54	269	-	-	-	-	22	107	188	471	325	758	157	321	-	-	5	29	49	75	8	20	3	9	-	-	43	180	21	173	25	47	136	229
2008	양천구	신월5동	945	305	3,616	2,197	1,419	-	-	-	-	76	350	-	-	-	-	49	209	197	590	194	430	147	380	3	8	1	10	40	56	7	19	6	518	2	107	50	344	21	216	34	76	118	303
2008	양천구	신월6동	1,517	300	2,940	1,999	941	-	-	-	-	53	157	-	-	-	-	23	79	207	372	887	1,308	106	214	1	2	3	51	47	96	6	31	3	58	1	15	27	225	22	120	23	36	108	176
2008	양천구	신월7동	1,466	446	5,334	3,572	1,762	-	-	-	-	118	578	-	-	2	26	40	246	274	709	467	1,813	159	321	3	14	3	32	65	153	10	15	12	79	3	375	64	367	40	236	56	138	150	232
2008	양천구	신정1동	1,144	487	4,549	2,366	2,183	-	-	-	-	41	84	-	-	-	-	30	143	236	492	91	408	236	604	7	27	9	93	75	257	47	199	8	46	4	801	119	808	49	253	44	79	148	255
2008	양천구	신정2동	1,040	401	3,408	1,602	1,806	-	-	-	-	35	107	-	-	-	-	22	60	207	583	118	161	151	519	1	3	2	24	73	226	29	97	10	28	1	32	178	938	44	244	40	101	129	285
2008	양천구	신정3동	1,806	556	7,603	4,950	2,653	-	-	-	-	50	323	-	-	-	-	26	225	316	812	692	2,483	184	553	11	392	7	59	98	250	8	32	14	723	4	96	108	950	57	234	55	135	176	336
2008	양천구	신정6동	649	245	4,808	2,713	2,095	-	-	-	-	6	23	2	266	-	-	23	166	114	388	56	57	66	271	8	48	11	106	65	433	38	191	7	427	7	907	133	930	23	270	16	151	74	174
2008	양천구	신정7동	939	321	4,089	2,287	1,802	-	-	-	-	53	204	-	-	2	32	18	83	131	486	249	813	125	469	3	5	9	100	58	361	8	16	4	179	2	57	98	669	38	269	39	96	102	250
2008	양천구	목5동	1,334	557	7,992	3,554	4,438	-	-	-	-	13	34	2	141	1	46	37	230	278	812	47	47	168	763	14	323	28	392	144	671	17	95	9	29	3	93	338	2,002	51	1,830	34	172	150	312
2008	양천구	신정4동	2,799	987	12,315	6,438	5,877	-	-	-	-	159	615	-	-	3	48	96	953	692	2,570	308	623	455	1,238	21	146	32	473	147	258	182	817	35	1,197	2	78	138	1,210	104	1,203	108	229	317	657
2008	강서구	소계	29,783	9,618	145,331	84,921	60,410	1	1	1	2	1,206	7,518	5	460	41	666	873	7,781	6,933	26,677	6,594	32,874	4,562	13,378	261	3,212	257	4,165	1,702	5,439	430	3,373	227	7,121	62	3,297	1,428	11,403	941	7,812	1,047	2,635	3,212	7,517
2008	강서구	염창동	1,893	602	11,840	7,661	4,179	-	-	-	-	112	926	1	249	6	48	88	1,157	402	2,196	320	1,357	227	898	72	1,139	13	250	127	432	49	400	22	629	2	25	134	715	60	603	61	168	197	648
2008	강서구	등촌1동	1,563	497	9,092	5,835	3,257	-	-	1	2	115	1,090	-	-	3	22	69	1,037	371	1,883	201	778	264	712	33	160	18	272	101	401	58	588	17	164	6	339	49	476	40	344	46	138	171	686
2008	강서구	등촌2동	648	196	2,909	1,739	1,170	-	-	-	-	28	159	-	-	-	-	14	101	109	471	163	430	96	280	3	43	3	34	44	90	1	2	2	17	4	194	54	563	19	175	21	92	87	258
2008	강서구	등촌3동	1,972	578	13,995	8,032	5,963	-	-	-	-	54	741	-	-	1	22	71	1,146	439	2,352	422	1,381	267	1,106	36	631	44	631	99	435	44	428	32	1,766	2	88	147	1,773	76	695	61	239	177	561
2008	강서구	화곡본동	1,352	505	3,555	1,644	1,911	-	-	-	-	45	181	-	-	-	-	27	138	297	762	245	256	251	603	7	19	7	68	103	178	15	46	6	22	3	46	81	434	60	452	42	73	163	277
2008	강서구	화곡2동	837	314	1,972	1,005	967	-	-	-	-	29	118	1	16	-	-	21	67	295	744	155	174	70	111	-	-	-	-	46	56	5	8	1	4	1	19	44	258	28	160	20	64	121	173
2008	강서구	화곡3동	1,132	435	3,705	1,569	2,136	-	-	-	-	46	164	-	-	1	1	34	119	213	726	161	162	197	465	6	27	19	577	83	157	14	147	7	26	2	21	79	324	55	371	68	148	147	270
2008	강서구	화곡4동	1,409	531	4,045	2,144	1,901	-	-	-	-	77	254	-	-	1	10	29	80	435	1,563	194	247	252	540	4	20	4	46	71	103	7	32	1	3	2	69	54	380	45	306	68	128	165	264
2008	강서구	화곡6동	1,611	579	11,928	6,438	5,490	-	-	-	-	50	262	-	-	-	-	50	520	279	2,144	151	847	465	1,509	16	82	58	1,243	80	258	72	296	23	1,591	7	1,249	50	779	50	541	91	205	169	402
2008	강서구	화곡8동	1,142	442	2,310	1,136	1,174	-	-	-	-	38	70	-	-	-	-	20	90	275	645	224	229	167	372	1	11	6	72	106	146	9	33	6	12	1	18	39	95	49	209	46	86	155	222
2008	강서구	가양1동	2,293	304	8,391	6,538	1,853	1	1	-	-	76	406	-	-	10	340	33	471	300	1,748	1,398	2,891	136	454	10	168	10	68	57	265	9	309	7	80	1	36	51	373	19	96	34	159	141	526
2008	강서구	가양2동	578	207	2,485	1,216	1,269	-	-	-	-	11	145	-	-	-	-	12	47	144	605	132	138	83	282	3	8	3	39	37	179	7	60	1	1	1	25	21	343	37	332	22	82	64	199
2008	강서구	가양3동	584	103	3,754	2,470	1,284	-	-	-	-	39	883	-	-	1	3	11	88	82	1,170	262	318	34	93	10	110	-	-	23	125	14	92	5	41	3	280	35	326	16	86	5	25	44	114
2008	강서구	발산1동	1,939	615	8,891	5,348	3,543	-	-	-	-	70	317	-	-	7	103	44	225	829	2,664	288	1,419	191	847	2	9	14	135	89	237	20	58	9	123	5	201	120	1,390	70	740	32	84	149	339
2008	강서구	공항동	1,819	574	23,784	13,450	10,334	-	-	-	-	76	391	-	-	6	60	65	373	516	1,721	380	16,289	327	1,001	18	342	7	92	65	872	19	136	31	939	9	317	34	299	32	459	54	121	180	372
2008	강서구	방화1동	1,878	652	6,729	3,871	2,858	-	-	-	-	78	314	-	-	1	1	45	235	407	997	413	1,541	273	616	4	221	6	78	122	252	16	108	15	647	1	23	93	608	72	448	77	152	255	488
2008	강서구	방화2동	1,766	650	8,176	5,225	2,951	-	-	-	-	61	223	-	-	3	50	48	756	534	1,479	314	1,905	319	914	5	97	11	66	86	331	13	70	20	866	3	112	53	412	37	311	67	120	192	464
2008	강서구	방화3동	869	228	3,794	2,457	1,337	-	-	-	-	13	47	2	11	-	-	18	63	115	329	368	1,383	91	268	5	17	3	68	58	268	11	187	4	118	5	135	49	409	23	188	17	61	87	242
2008	강서구	화곡1동	2,778	1,037	7,413	3,719	3,694	-	-	-	-	134	630	-	-	-	-	115	567	563	1,372	438	516	653	1,600	11	47	8	77	160	282	24	105	6	42	2	75	104	698	83	609	144	243	333	550
2008	강서구	우장산동	1,720	569	6,563	3,424	3,139	-	-	-	-	54	197	1	184	1	6	59	501	328	1,106	365	613	199	707	15	61	23	349	145	372	23	268	12	30	2	25	137	748	70	687	71	247	215	462
2008	구로구	소계	29,699	7,857	150,552	95,363	55,189	-	-	1	7	3,301	20,196	4	109	18	103	693	6,253	9,291	30,003	4,414	9,545	3,986	11,092	967	20,626	234	4,081	1,157	5,634	768	10,529	283	8,324	47	3,253	902	7,786	669	5,626	761	1,646	2,203	5,739
2008	구로구	신도림동	2,051	487	8,963	5,599	3,364	-	-	1	7	718	2,153	-	-	1	2	45	666	365	1,570	192	430	215	679	14	62	27	719	105	337	42	498	18	533	3	76	97	687	47	215	35	91	126	238
2008	구로구	구로1동	634	212	3,179	2,193	986	-	-	-	-	33	160	-	-	1	2	25	419	99	457	190	778	70	195	3	82	2	22	48	281	5	9	3	63	2	42	44	377	21	83	19	52	69	157
2008	구로구	구로3동	3,861	712	58,359	39,390	18,969	-	-	-	-	740	10,502	1	7	3	10	91	1,832	599	5,375	195	823	479	2,192	785	19,331	69	1,645	133	2,707	371	6,857	75	4,811	5	214	63	890	61	373	69	183	122	607
2008	구로구	구로4동	1,728	737	4,745	2,261	2,484	-	-	-	-	64	184	1	5	1	4	29	156	516	1,115	156	362	381	950	11	48	10	117	88	209	21	138	28	105	3	101	74	384	70	313	72	152	203	402
2008	구로구	구로5동	3,672	760	15,386	9,984	5,402	-	-	-	-	111	646	-	-	4	31	97	1,044	1,020	3,703	1,228	2,399	447	1,609	88	774	21	296	119	504	86	870	47	827	7	220	68	531	57	494	77	183	195	1,255
2008	구로구	고척1동	2,286	557	9,249	6,117	3,132	-	-	-	-	503	1,475	2	97	1	1	100	578	706	1,755	254	566	279	768	8	25	11	180	57	252	23	551	5	17	5	1,126	52	976	41	416	69	147	170	319
2008	구로구	고척2동	1,377	483	3,700	2,071	1,629	-	-	-	-	115	481	-	-	-	-	33	164	342	694	271	298	199	420	2	4	4	36	65	132	11	186	10	39	2	39	81	505	51	241	35	120	156	341
2008	구로구	개봉2동	1,030	386	2,431	1,157	1,274	-	-	-	-	23	48	-	-	3	26	25	64	167	397	250	256	166	430	4	11	9	82	74	231	8	33	2	4	2	73	72	245	47	218	41	79	137	234
2008	구로구	개봉3동	866	299	2,211	1,099	1,112	-	-	-	-	24	63	-	-	-	-	11	21	178	552	210	238	144	283	2	76	3	36	52	76	8	15	1	1	2	18	57	423	28	142	33	60	113	207
2008	구로구	오류1동	964	365	2,926	1,474	1,452	-	-	-	-	28	158	-	-	1	1	14	118	224	507	171	220	201	509	4	17	10	109	50	162	9	30	9	227	2	78	37	236	50	243	49	99	105	212
2008	구로구	오류2동	1,034	319	3,836	2,572	1,264	-	-	-	-	96	451	-	-	1	18	22	117	225	780	275	881	125	249	2	5	5	39	55	123	7	63	-	-	2	66	60	664	28	149	30	55	101	176
2008	구로구	수궁동	961	253	4,630	3,134	1,496	-	-	-	-	111	1,296	-	-	-	-	16	41	143	555	279	924	137	281	5	40	6	37	37	64	3	71	4	18	4	47	51	803	23	189	31	64	111	200
2008	구로구	가리봉동	913	384	1,967	912	1,055	-	-	-	-	52	139	-	-	-	-	11	28	254	436	91	111	254	446	3	8	5	33	31	39	4	7	12	40	-	-	16	134	24	213	58	94	98	239
2008	구로구	구로2동	6,746	1,396	24,265	14,837	9,428	-	-	-	-	600	2,117	-	-	2	8	130	836	4,126	11,201	267	408	622	1,439	33	132	45	641	164	388	160	1,159	54	1,561	6	1,125	59	453	65	1,851	89	178	324	768
2008	구로구	개봉1동	1,576	507	4,705	2,563	2,142	-	-	-	-	83	323	-	-	-	-	44	169	327	906	385	851	267	642	3	11	7	89	79	129	10	42	15	78	2	28	71	478	56	486	54	89	173	384
2008	금천구	소계	22,511	6,049	151,627	96,990	54,637	-	-	-	-	4,062	43,260	1	5	16	207	758	5,455	6,201	25,714	2,397	9,120	2,899	8,444	939	18,934	121	1,871	725	2,335	817	15,351	200	5,616	23	1,796	538	4,605	486	3,258	547	1,281	1,781	4,375
2008	금천구	가산동	6,803	1,256	90,259	60,940	29,319	-	-	-	-	1,906	29,547	-	-	3	33	206	2,481	1,650	13,106	279	2,295	660	2,926	874	18,072	42	769	156	1,110	576	13,985	81	3,741	3	64	43	484	48	490	91	285	185	871
2008	금천구	독산1동	2,919	786	19,111	12,967	6,144	-	-	-	-	796	7,779	-	-	8	135	55	393	698	2,843	347	3,704	399	1,035	22	220	15	189	92	313	51	316	23	168	2	94	55	540	51	309	74	154	231	919
2008	금천구	독산2동	1,219	438	3,609	1,906	1,703	-	-	-	-	98	412	-	-	-	-	58	368	268	697	202	377	191	463	2	3	6	56	59	82	11	29	6	71	2	23	54	387	52	253	38	101	172	287
2008	금천구	독산3동	2,100	771	7,701	3,643	4,058	-	-	-	-	271	1,574	1	5	-	-	76	394	542	1,356	213	403	370	868	6	37	12	238	88	173	68	322	19	230	4	262	61	623	58	501	69	161	242	554
2008	금천구	독산4동	1,041	380	3,366	1,690	1,676	-	-	-	-	130	672	-	-	1	3	31	62	191	405	156	258	214	619	3	439	5	65	44	52	8	23	10	48	2	36	35	157	29	152	50	160	132	215
2008	금천구	시흥1동	2,818	1,085	11,264	5,972	5,292	-	-	-	-	262	1,525	-	-	2	4	83	654	749	2,131	269	552	616	1,597	10	35	18	270	109	202	34	455	20	176	4	1,184	97	782	96	763	113	206	336	728
2008	금천구	시흥2동	540	150	1,837	799	1,038	-	-	-	-	9	22	-	-	-	-	6	29	55	112	224	232	40	84	-	-	3	142	36	149	1	2	1	2	1	17	58	707	40	206	4	13	62	120
2008	금천구	시흥3동	2,966	457	9,212	6,457	2,755	-	-	-	-	466	1,235	-	-	2	32	195	835	1,626	4,157	206	460	129	248	19	122	11	84	43	74	56	182	36	1,172	1	7	19	292	17	76	24	41	116	195
2008	금천구	시흥4동	920	285	1,921	968	953	-	-	-	-	53	184	-	-	-	-	20	44	150	281	301	313	91	177	2	4	3	21	41	68	4	10	1	2	2	85	56	334	31	141	25	41	140	216
2008	금천구	시흥5동	1,185	441	3,347	1,648	1,699	-	-	-	-	71	310	-	-	-	-	28	195	272	626	200	526	189	427	1	2	6	37	57	112	8	27	3	6	2	24	60	299	64	367	59	119	165	270
2008	영등포구	소계	39,516	10,706	300,133	190,484	109,649	-	-	2	4	4,525	17,530	8	701	20	568	1,289	15,331	10,551	47,216	4,684	11,427	6,251	21,130	1,145	27,209	733	39,692	1,693	7,559	1,532	32,843	692	36,606	63	8,069	1,124	8,276	850	10,758	1,033	4,029	3,321	11,185
2008	영등포구	여의동	6,627	1,778	127,180	84,085	43,095	-	-	1	2	142	983	2	270	6	100	169	3,634	1,555	12,275	109	1,950	1,410	7,858	649	19,328	366	30,977	381	3,431	684	18,657	269	15,207	15	4,023	139	1,248	136	2,255	123	1,406	471	3,576
2008	영등포구	당산1동	2,854	770	15,226	9,252	5,974	-	-	-	-	277	692	1	3	1	9	105	719	985	3,083	144	560	507	1,192	60	296	55	2,409	91	294	174	1,590	51	1,104	7	1,785	40	267	42	528	70	108	244	587
2008	영등포구	당산2동	2,033	646	13,733	8,143	5,590	-	-	-	-	121	886	-	-	2	308	112	1,226	513	2,414	180	707	288	933	62	400	57	1,547	150	601	72	736	43	1,712	4	156	121	863	71	439	62	219	175	586
2008	영등포구	양평1동	3,291	442	17,121	11,674	5,447	-	-	-	-	464	2,038	-	-	1	12	85	1,415	545	2,704	1,458	2,118	237	520	52	797	17	302	84	396	109	2,305	19	3,311	3	193	33	295	24	278	31	48	129	389
2008	영등포구	양평2동	1,578	394	15,688	8,779	6,909	-	-	-	-	238	2,573	1	83	4	20	62	630	353	2,079	165	1,143	238	721	45	888	11	77	93	370	84	658	27	4,273	3	376	62	570	23	336	34	128	135	763
2008	영등포구	신길1동	1,182	464	4,449	1,932	2,517	-	-	-	-	65	169	-	-	-	-	21	102	324	1,234	135	154	235	513	5	22	7	55	67	134	14	391	8	201	2	36	61	312	35	745	49	107	154	274
2008	영등포구	신길3동	1,156	407	3,255	1,836	1,419	-	-	-	-	54	155	-	-	-	-	40	104	362	785	176	196	166	359	5	53	10	130	59	124	4	152	4	414	1	16	49	225	40	175	37	69	149	298
2008	영등포구	신길4동	619	225	1,524	727	797	-	-	-	-	27	136	1	46	-	-	19	46	130	313	91	101	113	216	5	36	4	39	35	71	3	7	2	3	1	12	37	179	23	95	20	41	108	183
2008	영등포구	신길5동	649	191	2,292	1,344	948	-	-	-	-	31	129	-	-	-	-	32	240	164	506	135	316	104	247	4	31	1	4	25	41	2	7	6	28	1	17	19	288	12	102	26	171	87	165
2008	영등포구	신길6동	1,310	435	4,378	2,344	2,034	-	-	-	-	61	543	-	-	-	-	53	230	305	723	195	205	193	464	6	111	5	56	88	244	41	268	12	194	3	267	77	437	47	242	47	73	177	321
2008	영등포구	신길7동	626	227	3,199	1,722	1,477	-	-	-	-	27	165	-	-	-	-	17	78	153	492	57	72	125	500	11	55	3	19	31	107	15	336	12	469	2	312	42	204	27	124	24	78	80	188
2008	영등포구	대림1동	1,181	450	4,593	1,909	2,684	-	-	-	-	71	262	-	-	-	-	51	160	325	782	155	162	212	557	10	51	10	529	51	100	13	73	15	129	1	19	43	195	37	1,235	48	80	139	259
2008	영등포구	대림2동	1,291	515	4,523	2,316	2,207	-	-	-	-	73	206	-	-	1	6	43	143	329	1,398	119	142	295	642	8	48	9	85	67	124	25	58	21	368	2	19	41	258	41	600	52	89	165	337
2008	영등포구	대림3동	2,654	622	9,869	6,445	3,424	-	-	-	-	170	1,050	-	-	-	-	133	1,110	522	2,088	898	1,192	324	726	14	106	12	125	76	141	48	362	36	1,178	2	88	77	579	49	309	82	149	211	666
2008	영등포구	영등포본동	1,125	396	5,000	2,434	2,566	-	-	-	-	42	106	-	-	1	19	23	137	274	910	158	271	248	969	5	84	8	51	56	169	17	180	15	779	3	98	45	571	45	271	51	119	134	266
2008	영등포구	영등포동	5,555	1,635	27,750	16,380	11,370	-	-	1	2	596	1,382	1	78	2	16	194	3,690	2,249	6,637	141	536	1,004	3,117	36	684	117	2,689	160	481	79	768	93	1,695	6	370	104	707	123	2,621	182	818	467	1,459
2008	영등포구	도림동	1,034	327	3,047	1,871	1,176	-	-	-	-	84	326	-	-	-	-	45	282	230	696	162	356	165	363	9	88	4	24	49	111	16	76	4	28	2	20	45	215	29	111	43	81	147	270
2008	영등포구	문래동	4,751	782	37,306	27,291	10,015	-	-	-	-	1,982	5,729	2	221	2	78	85	1,385	1,233	8,097	206	1,246	387	1,233	159	4,131	37	574	130	620	132	6,219	55	5,513	5	262	89	863	46	292	52	245	149	598
2008	동작구	소계	20,010	7,357	97,671	51,516	46,155	-	-	2	391	732	2,739	5	538	10	148	536	3,827	5,225	15,911	2,545	3,688	3,740	10,259	180	4,820	207	3,267	1,273	4,159	331	4,341	234	12,670	40	3,106	1,072	13,226	701	6,858	762	2,151	2,415	5,572
2008	동작구	노량진2동	1,141	463	5,548	3,045	2,503	-	-	-	-	52	155	-	-	1	22	24	73	295	902	76	169	295	811	9	349	18	283	64	129	23	76	11	227	3	986	46	433	26	370	49	128	149	435
2008	동작구	상도1동	1,580	583	6,462	3,776	2,686	-	-	-	-	49	251	-	-	-	-	34	273	334	992	241	338	344	952	17	149	8	86	103	221	24	113	21	301	4	56	106	1,799	46	363	70	148	179	420
2008	동작구	상도2동	1,328	536	3,997	1,990	2,007	-	-	-	-	66	225	2	95	1	30	30	154	310	690	161	198	229	540	7	42	11	126	128	298	26	96	8	20	4	216	63	451	68	433	50	117	164	266
2008	동작구	상도3동	1,030	373	2,790	1,393	1,397	-	-	-	-	52	150	-	-	-	-	32	122	251	717	200	224	128	365	-	-	7	52	66	165	3	13	3	58	3	55	46	197	47	344	42	98	150	230
2008	동작구	상도4동	1,000	346	2,696	1,361	1,335	-	-	-	-	46	200	-	-	1	8	29	132	202	438	252	310	124	293	1	9	3	27	65	117	11	27	4	21	1	17	58	425	41	354	31	64	131	254
2008	동작구	사당1동	1,755	650	8,633	4,259	4,374	-	-	-	-	58	232	1	105	-	-	88	755	366	1,464	131	198	343	971	24	234	71	1,535	138	370	56	413	38	885	2	70	78	389	58	332	68	130	235	550
2008	동작구	사당3동	1,014	341	4,036	2,014	2,022	-	-	-	-	44	163	-	-	1	14	25	206	214	492	186	255	133	334	9	70	4	40	67	193	12	44	10	831	2	70	79	854	34	169	28	66	166	235
2008	동작구	사당4동	696	247	1,708	936	772	-	-	-	-	36	104	-	-	-	-	15	150	176	403	129	150	86	197	3	21	2	27	46	91	4	6	2	4	1	14	28	106	37	191	28	63	103	181
2008	동작구	사당5동	525	161	1,582	851	731	-	-	-	-	23	74	-	-	-	-	22	125	103	250	112	123	48	135	5	39	1	7	43	100	6	45	8	73	1	14	36	326	17	85	5	53	95	133
2008	동작구	대방동	1,628	540	11,833	6,894	4,939	-	-	-	-	56	318	-	-	-	-	74	709	352	1,239	210	531	248	887	26	344	13	202	88	314	62	968	39	3,244	3	106	152	1,536	62	447	48	150	195	838
2008	동작구	신대방1동	965	373	3,987	2,222	1,765	-	-	2	391	49	145	-	-	1	5	31	225	246	795	95	148	157	420	10	75	14	142	71	278	14	63	14	357	1	15	62	341	51	285	28	65	119	237
2008	동작구	신대방2동	1,335	432	19,883	10,250	9,633	-	-	-	-	62	319	1	326	2	31	37	544	225	2,469	263	296	263	768	27	1,898	21	405	79	1,001	37	2,316	26	6,119	5	704	37	389	44	1,402	48	348	158	548
2008	동작구	흑석동	1,551	640	9,500	5,046	4,454	-	-	-	-	48	97	-	-	3	38	42	208	357	712	168	241	362	943	15	98	10	85	100	303	18	46	25	451	1	20	93	4,161	45	1,462	54	195	210	440
2008	동작구	노량진1동	2,997	1,093	10,484	5,427	5,057	-	-	-	-	45	96	1	12	-	-	26	97	1,439	3,339	186	333	633	1,560	19	1,436	14	147	119	326	19	59	16	50	8	743	117	1,379	48	245	149	352	158	310
2008	동작구	사당2동	1,465	579	4,532	2,052	2,480	-	-	-	-	46	210	-	-	-	-	27	54	355	1,009	135	174	347	1,083	8	56	10	103	96	253	16	56	9	29	1	20	71	440	77	376	64	174	203	495
2008	관악구	소계	25,724	9,234	98,562	52,987	45,575	-	-	-	-	1,263	6,679	2	61	13	133	737	5,462	5,489	14,827	3,993	6,647	5,437	16,111	213	3,253	194	2,392	1,476	3,430	397	3,062	203	5,296	53	3,300	1,224	13,125	872	5,503	1,132	3,140	3,026	6,141
2008	관악구	보라매동	1,156	418	4,872	2,639	2,233	-	-	-	-	56	243	-	-	-	-	38	319	265	1,189	182	284	235	665	11	440	7	83	65	102	12	42	4	66	2	24	60	558	45	354	36	81	138	422
2008	관악구	청림동	441	167	961	475	486	-	-	-	-	12	54	-	-	-	-	9	28	85	165	93	93	56	103	1	11	2	22	41	82	1	2	-	-	1	1	48	131	18	109	11	30	63	130
2008	관악구	행운동	1,315	499	4,126	1,949	2,177	-	-	-	-	39	177	-	-	3	21	28	123	316	814	143	173	266	695	6	44	14	159	88	186	26	90	8	14	2	15	85	644	67	509	45	104	179	358
2008	관악구	낙성대동	1,104	432	7,215	4,036	3,179	-	-	-	-	59	542	-	-	-	-	47	822	211	805	73	397	312	1,078	21	322	13	180	56	180	41	831	10	824	2	103	35	372	38	273	59	199	127	287
2008	관악구	중앙동	1,494	381	4,378	2,111	2,267	-	-	-	-	64	193	-	-	-	-	43	157	211	607	544	559	209	469	8	79	13	195	71	151	22	93	9	763	2	18	60	450	63	365	32	67	143	212
2008	관악구	인헌동	1,070	417	3,871	1,896	1,975	-	-	-	-	55	577	-	-	-	-	30	122	241	648	158	163	161	401	10	248	11	173	82	351	17	95	6	54	2	24	59	325	57	229	36	80	145	381
2008	관악구	남현동	822	290	4,858	2,478	2,380	-	-	-	-	18	175	-	-	2	18	19	150	138	567	100	113	222	1,118	9	98	13	224	38	53	30	730	10	792	4	106	60	265	29	152	35	136	95	161
2008	관악구	서원동	1,142	391	5,351	2,662	2,689	-	-	-	-	22	87	-	-	-	-	34	242	199	712	124	233	373	1,730	20	105	13	155	52	152	23	72	12	533	3	111	44	266	43	346	79	319	101	288
2008	관악구	신원동	900	357	2,286	1,048	1,238	-	-	-	-	59	255	1	17	-	-	17	63	249	447	111	126	135	279	3	25	2	21	49	74	19	57	-	-	3	147	56	352	32	165	29	46	135	212
2008	관악구	서림동	910	323	2,745	1,572	1,173	-	-	-	-	30	133	-	-	-	-	20	84	178	451	159	427	217	559	6	26	3	32	44	105	7	19	10	30	2	81	53	306	31	165	52	145	98	182
2008	관악구	신사동	1,299	447	4,942	2,744	2,198	-	-	-	-	110	633	-	-	1	7	75	603	351	957	129	188	196	518	8	302	4	97	66	102	23	152	14	313	2	27	72	503	29	157	44	97	175	286
2008	관악구	신림동	1,809	829	6,181	3,158	3,023	-	-	-	-	45	168	-	-	-	-	38	445	463	1,082	68	94	612	1,912	9	327	15	143	121	257	18	117	23	445	2	85	34	106	53	275	117	244	191	481
2008	관악구	난향동	331	106	1,251	615	636	-	-	-	-	12	206	-	-	1	11	3	6	51	107	110	231	34	76	-	-	5	39	30	89	-	-	1	4	1	14	26	275	14	104	7	16	36	73
2008	관악구	조원동	2,033	631	7,773	4,485	3,288	-	-	-	-	213	968	-	-	2	15	77	639	425	1,339	370	500	360	979	25	421	19	284	94	191	47	204	26	707	2	438	53	255	40	286	86	171	194	376
2008	관악구	대학동	1,722	712	9,929	5,953	3,976	-	-	-	-	13	70	-	-	-	-	11	18	217	563	97	380	807	2,292	15	86	6	85	112	265	6	24	24	50	2	29	44	4,834	31	142	215	817	122	274
2008	관악구	은천동	1,647	561	6,316	3,420	2,896	-	-	-	-	139	711	-	-	2	25	57	625	334	1,008	240	578	270	685	16	165	14	124	94	201	32	136	13	351	6	165	87	485	62	527	51	90	230	440
2008	관악구	성현동	802	281	2,528	1,374	1,154	-	-	-	-	35	150	-	-	-	-	19	47	133	248	200	541	82	226	5	25	4	27	55	156	9	129	3	6	1	33	76	447	36	200	24	84	120	209
2008	관악구	청룡동	2,099	813	9,479	5,182	4,297	-	-	-	-	88	406	-	-	2	36	73	691	566	1,373	186	254	425	1,368	28	464	19	195	149	319	42	143	18	114	6	1,794	96	1,066	64	519	75	169	262	568
2008	관악구	난곡동	958	297	2,165	1,134	1,031	-	-	-	-	34	91	-	-	-	-	25	33	201	397	268	279	106	228	1	4	5	50	43	75	2	24	-	-	2	21	45	427	40	201	38	93	148	242
2008	관악구	삼성동	1,181	407	2,371	1,257	1,114	-	-	-	-	40	127	-	-	-	-	29	51	318	545	303	330	163	276	6	28	4	33	62	161	3	7	4	11	2	18	49	387	31	171	19	28	148	198
2008	관악구	미성동	1,489	475	4,964	2,799	2,165	-	-	-	-	120	713	1	44	-	-	45	194	337	803	335	704	196	454	5	33	8	71	64	178	17	95	8	219	4	46	82	671	49	254	42	124	176	361
2008	서초구	소계	35,236	10,130	335,459	206,526	128,933	-	-	4	59	1,146	10,321	11	224	16	189	1,909	36,861	10,264	65,652	1,357	9,091	5,468	26,001	1,101	23,979	604	12,626	2,319	13,341	3,886	53,022	650	35,180	64	9,223	1,543	13,677	1,077	10,415	963	4,266	2,854	11,332
2008	서초구	서초1동	2,573	561	25,999	16,562	9,437	-	-	-	-	75	644	1	7	-	-	147	3,026	822	5,719	66	644	366	1,471	107	2,037	44	698	167	1,139	330	3,819	57	3,574	3	99	82	1,744	76	498	51	213	179	667
2008	서초구	서초2동	2,817	764	44,662	28,186	16,476	-	-	-	-	67	1,160	2	132	1	6	165	5,814	743	7,785	61	286	428	2,430	124	4,224	113	3,534	238	1,395	260	8,224	72	5,110	7	1,516	163	1,278	102	652	63	216	208	900
2008	서초구	서초3동	5,418	1,096	63,627	38,082	25,545	-	-	-	-	151	2,431	-	-	6	85	242	4,319	1,135	9,909	116	1,104	866	4,354	248	5,410	79	2,785	301	2,030	1,396	12,223	126	8,100	11	5,152	142	1,747	104	843	152	996	343	2,139
2008	서초구	서초4동	2,184	737	19,446	11,781	7,665	-	-	-	-	23	177	-	-	-	-	37	2,945	421	2,328	9	96	446	3,226	24	281	47	605	164	1,099	409	3,604	52	1,331	2	20	190	1,698	167	1,122	56	167	137	747
2008	서초구	잠원동	1,488	528	14,578	7,501	7,077	-	-	2	44	31	216	2	6	1	1	70	1,609	256	2,711	32	125	377	1,226	52	929	26	353	161	1,095	110	1,528	26	3,613	3	39	82	384	51	216	58	126	148	357
2008	서초구	반포본동	592	313	2,593	1,222	1,371	-	-	-	-	8	19	1	12	-	-	16	55	209	527	8	156	95	325	2	82	12	128	39	329	11	59	6	41	1	15	70	567	25	75	15	32	74	171
2008	서초구	반포1동	1,115	424	7,466	4,161	3,305	-	-	-	-	27	814	-	-	-	-	25	232	253	1,960	30	34	240	857	22	246	17	180	105	591	66	791	23	587	1	16	41	370	49	286	56	143	160	359
2008	서초구	반포2동	265	108	1,461	874	587	-	-	-	-	5	9	-	-	-	-	11	21	62	140	7	7	23	62	2	74	3	23	37	204	5	6	1	2	3	286	46	304	9	28	7	179	44	116
2008	서초구	반포3동	862	346	5,581	2,881	2,700	-	-	-	-	8	21	1	1	-	-	21	431	258	899	18	25	97	482	6	303	19	210	110	544	31	192	8	793	2	87	91	525	75	529	23	104	94	435
2008	서초구	반포4동	2,789	1,186	21,378	11,370	10,008	-	-	-	-	75	155	-	-	1	3	52	1,122	1,508	5,182	37	1,062	391	3,263	36	1,076	38	479	113	594	117	1,610	35	1,547	4	154	123	1,139	54	2,796	56	514	149	682
2008	서초구	방배본동	1,325	453	8,181	4,601	3,580	-	-	-	-	75	325	-	-	-	-	71	519	367	2,088	45	225	242	837	33	444	15	222	93	405	59	471	18	1,679	2	69	65	260	28	175	55	124	157	338
2008	서초구	방배1동	1,398	412	8,879	4,983	3,896	-	-	-	-	51	265	1	2	-	-	92	797	325	1,653	65	140	247	780	60	1,176	16	260	95	378	103	997	13	1,275	2	45	56	245	68	363	73	147	131	356
2008	서초구	방배2동	1,791	515	16,863	10,633	6,230	-	-	-	-	92	569	-	-	-	-	124	2,729	415	2,508	149	1,402	295	1,489	38	537	52	1,510	137	560	99	1,005	42	2,330	3	554	83	901	37	216	43	87	182	466
2008	서초구	방배3동	1,018	310	9,433	6,332	3,101	-	-	-	-	52	429	3	64	1	6	62	1,413	236	1,589	75	532	98	317	26	660	9	152	98	419	71	1,169	19	519	5	159	72	707	27	637	29	181	135	480
2008	서초구	방배4동	2,033	579	11,965	7,330	4,635	-	-	1	6	106	564	-	-	-	-	149	1,876	479	2,197	103	221	262	796	60	1,089	41	700	148	358	181	1,453	30	381	3	211	106	686	89	689	41	91	234	647
2008	서초구	양재1동	2,702	617	29,568	20,204	9,364	-	-	1	9	126	963	-	-	3	66	276	4,351	710	6,738	134	1,324	385	1,449	118	2,891	32	312	133	1,424	304	5,787	47	1,536	4	134	80	616	71	749	83	464	195	755
2008	서초구	양재2동	4,410	1,076	39,192	26,541	12,651	-	-	-	-	171	1,535	-	-	3	22	334	4,708	1,801	11,070	344	1,647	564	2,433	143	2,520	40	471	167	745	326	9,032	73	2,748	2	38	45	350	39	206	99	465	259	1,202
2008	서초구	내곡동	456	105	4,587	3,282	1,305	-	-	-	-	3	25	-	-	-	-	15	894	264	649	58	61	46	204	-	-	1	4	13	32	8	1,052	2	14	6	629	6	156	6	335	3	17	25	515
2008	강남구	소계	52,288	15,398	585,813	352,874	232,939	3	19	5	115	1,560	15,631	31	6,779	23	950	2,222	44,917	12,709	110,338	2,723	11,138	8,898	50,663	2,133	59,224	1,365	36,087	3,925	25,524	5,461	94,856	1,023	54,622	61	5,792	2,409	20,527	2,182	24,265	1,359	5,900	4,196	18,466
2008	강남구	신사동	3,254	1,164	20,395	11,017	9,378	-	-	-	-	239	1,950	1	11	1	11	94	842	743	3,867	47	165	575	2,379	106	1,461	39	463	176	936	438	3,333	64	1,471	2	85	165	930	254	1,404	76	290	234	797
2008	강남구	논현1동	4,474	1,294	36,152	20,537	15,615	-	-	-	-	167	2,677	-	-	1	6	214	2,381	1,198	7,675	72	391	675	3,319	254	3,859	86	2,005	344	1,593	648	6,289	106	2,592	1	22	56	353	161	1,226	121	568	370	1,196
2008	강남구	논현2동	3,886	1,057	47,949	29,113	18,836	-	-	1	5	123	1,423	1	8	-	-	216	6,608	937	9,460	171	1,098	657	3,689	236	4,742	75	1,459	255	1,767	578	9,143	87	3,630	6	760	75	997	122	975	89	529	257	1,656
2008	강남구	압구정1동	1,514	541	14,271	7,515	6,756	-	-	-	-	74	957	-	-	-	-	34	396	335	2,593	8	26	253	2,254	54	1,050	59	797	81	568	155	2,180	23	359	1	30	120	999	151	1,012	37	150	129	900
2008	강남구	압구정2동	1,607	639	12,575	6,084	6,491	1	13	1	3	32	214	1	8	-	-	24	168	518	4,551	6	21	372	1,968	42	665	23	245	66	402	85	1,084	12	319	1	14	54	427	118	968	46	151	205	1,354
2008	강남구	청담1동	1,567	582	16,636	9,651	6,985	-	-	-	-	47	316	-	-	5	183	62	912	449	4,167	22	44	269	2,408	41	1,177	29	488	153	911	139	1,877	30	1,990	2	81	59	372	78	737	35	258	147	715
2008	강남구	청담2동	1,702	670	16,106	7,561	8,545	-	-	-	-	102	901	-	-	-	-	36	1,220	413	3,517	26	42	263	1,906	49	1,894	35	547	176	732	204	1,615	31	331	1	231	42	343	119	1,377	14	43	191	1,407
2008	강남구	삼성1동	3,308	869	65,454	40,336	25,118	-	-	1	8	66	1,447	10	3,691	3	188	112	2,882	1,025	12,914	94	1,811	631	6,094	162	10,077	91	2,401	207	1,997	382	10,083	127	7,094	3	205	56	1,178	86	1,325	78	434	174	1,625
2008	강남구	삼성2동	2,545	667	38,195	21,243	16,952	1	3	-	-	68	484	-	-	-	-	109	2,367	534	4,395	66	245	391	2,664	130	3,868	127	3,940	329	2,050	308	7,401	53	6,864	6	1,792	68	563	77	474	65	452	213	633
2008	강남구	대치1동	1,068	406	6,919	3,889	3,030	-	-	-	-	11	26	-	-	-	-	24	528	174	468	19	253	148	814	5	14	38	440	115	424	16	848	7	13	2	88	271	1,994	103	589	42	124	93	296
2008	강남구	대치2동	882	441	3,586	1,694	1,892	-	-	-	-	32	91	-	-	-	-	13	38	318	696	23	51	123	471	2	16	18	215	66	532	7	250	4	48	2	7	99	578	44	242	29	133	102	218
2008	강남구	대치3동	1,691	428	37,855	25,362	12,493	-	-	-	-	33	1,088	4	2,338	-	-	70	2,596	359	8,481	57	581	341	2,243	66	3,832	84	2,050	132	978	136	5,591	38	4,617	4	726	128	1,409	55	372	41	168	143	785
2008	강남구	대치4동	2,601	794	26,815	16,929	9,886	-	-	-	-	53	193	1	7	3	173	63	1,032	586	8,670	43	281	549	2,208	72	2,341	79	2,602	189	1,041	173	3,475	40	964	2	199	285	1,593	118	842	86	300	259	894
2008	강남구	역삼1동	8,608	2,141	127,634	79,623	48,011	-	-	1	40	165	1,644	4	118	1	136	302	9,992	1,765	20,688	142	1,161	1,905	11,651	434	13,263	359	12,578	662	5,907	1,269	26,095	213	14,405	8	769	250	2,230	264	2,684	280	1,123	584	3,150
2008	강남구	역삼2동	2,231	638	32,970	20,945	12,025	1	3	-	-	46	788	1	9	-	-	117	1,941	484	4,748	106	1,285	392	1,775	105	3,749	79	3,941	256	1,871	236	4,350	57	6,085	3	114	74	851	74	690	53	264	147	506
2008	강남구	도곡1동	1,233	384	12,786	7,378	5,408	-	-	-	-	34	178	-	-	-	-	61	1,351	322	2,143	44	111	177	815	36	1,261	33	531	118	566	89	1,721	19	222	1	17	87	1,273	75	2,158	33	167	104	272
2008	강남구	도곡2동	1,584	452	21,287	14,598	6,689	-	-	-	-	28	292	1	147	1	29	99	5,133	388	2,348	63	344	271	1,173	109	3,468	37	655	118	511	156	4,623	37	1,036	2	19	82	843	47	243	29	79	116	344
2008	강남구	개포1동	476	178	1,328	699	629	-	-	-	-	7	13	-	-	-	-	29	121	86	200	135	161	18	46	1	2	3	32	53	264	3	7	-	-	1	17	48	255	13	46	5	64	74	100
2008	강남구	개포2동	508	209	1,971	1,085	886	-	-	-	-	8	17	1	8	-	-	13	24	66	174	98	442	85	186	2	9	2	20	55	154	4	11	2	2	1	23	68	704	14	42	19	51	70	104
2008	강남구	개포3동	450	189	1,466	644	822	-	-	-	-	14	20	-	-	-	-	13	56	83	247	18	18	79	162	2	8	8	69	35	173	8	30	-	-	-	-	81	424	26	88	20	40	63	131
2008	강남구	개포4동	3,092	523	12,463	8,525	3,938	-	-	-	-	86	458	2	12	1	1	257	1,946	739	3,444	1,020	1,113	214	568	74	583	11	78	110	351	194	1,762	29	427	3	119	67	421	48	542	58	136	179	502
2008	강남구	일원본동	512	181	7,442	2,635	4,807	-	-	-	-	1	2	-	-	-	-	20	53	80	243	138	156	54	369	2	148	6	68	53	223	4	8	1	2	2	38	52	521	25	5,362	12	82	62	167
2008	강남구	일원1동	889	331	4,570	2,694	1,876	-	-	-	-	37	107	2	118	1	59	51	583	210	698	53	66	178	530	6	56	6	49	37	112	35	300	10	887	1	23	55	394	42	263	58	111	107	214
2008	강남구	일원2동	490	177	4,774	3,250	1,524	-	-	-	-	9	15	1	283	1	126	19	145	95	311	104	230	67	192	4	548	6	62	46	954	12	766	3	14	2	324	37	282	29	283	10	89	45	150
2008	강남구	수서동	1,784	371	12,266	8,418	3,848	-	-	-	-	71	243	1	21	3	23	166	1,576	680	3,056	89	564	173	669	139	1,133	11	265	76	475	180	1,984	29	1,224	2	52	26	423	34	218	21	91	83	249
2008	강남구	세곡동	332	72	1,948	1,449	499	-	-	1	59	7	87	-	-	2	15	4	26	122	584	59	478	38	110	-	-	21	87	17	32	2	30	1	26	2	37	4	170	5	103	2	3	45	101
2008	송파구	소계	40,869	13,074	225,159	137,971	87,188	1	152	3	64	1,467	10,491	5	50	30	856	1,795	22,809	12,159	45,270	5,565	11,835	5,924	20,474	476	11,265	485	11,360	2,346	8,815	1,402	18,246	502	13,864	64	4,751	2,077	15,242	1,154	13,749	1,472	5,809	3,942	10,057
2008	송파구	풍납1동	856	326	2,624	1,320	1,304	-	-	-	-	40	280	-	-	-	-	20	185	214	470	172	364	146	305	2	14	7	213	47	98	8	35	7	17	1	18	34	208	25	168	35	88	98	161
2008	송파구	풍납2동	1,206	434	14,059	6,192	7,867	-	-	-	-	43	186	2	24	3	11	29	614	234	922	195	625	158	565	8	93	8	83	91	746	88	534	14	634	4	483	102	1,258	45	6,858	44	88	138	335
2008	송파구	거여1동	754	247	2,481	1,319	1,162	-	-	-	-	36	199	-	-	-	-	11	34	146	560	182	194	113	282	5	242	1	1	37	80	13	131	3	14	1	16	46	342	25	138	35	78	100	170
2008	송파구	거여2동	1,300	439	3,925	2,218	1,707	-	-	-	-	60	238	-	-	-	-	44	224	223	525	311	596	178	382	1	10	6	117	87	187	13	414	6	49	3	48	81	369	63	413	52	88	172	265
2008	송파구	마천1동	936	335	2,075	1,139	936	-	-	-	-	40	182	-	-	-	-	18	49	160	287	266	496	156	265	1	8	3	13	63	101	3	5	2	13	2	36	41	157	33	214	24	51	124	198
2008	송파구	마천2동	1,364	509	3,916	2,342	1,574	-	-	-	-	110	402	-	-	-	-	25	163	353	816	266	636	211	444	3	14	7	105	64	103	7	61	2	2	4	366	58	196	53	297	41	68	160	243
2008	송파구	방이1동	1,221	430	8,331	5,280	3,051	-	-	-	-	61	482	-	-	-	-	73	1,707	234	1,199	85	422	245	932	14	180	9	112	74	305	51	1,010	14	259	2	100	145	1,003	38	172	52	149	124	299
2008	송파구	방이2동	2,556	802	17,894	11,225	6,669	-	-	1	1	80	1,065	-	-	1	25	147	2,037	577	3,935	170	428	587	2,330	70	1,015	33	513	163	583	203	1,683	61	2,042	1	13	76	792	51	327	122	274	213	831
2008	송파구	오륜동	485	213	3,793	2,233	1,560	-	-	-	-	8	12	-	-	1	2	14	29	179	304	11	20	47	499	4	122	14	151	22	85	8	315	3	30	2	28	27	950	18	102	65	703	62	441
2008	송파구	오금동	3,108	761	14,407	9,517	4,890	-	-	-	-	151	1,258	1	9	-	-	182	1,332	617	2,680	960	1,247	319	1,065	25	1,275	19	221	113	667	59	951	25	1,012	2	17	231	1,387	38	227	92	345	274	714
2008	송파구	송파1동	2,488	690	11,450	7,512	3,938	-	-	-	-	89	473	-	-	1	44	142	2,564	454	1,699	610	782	318	1,028	46	730	21	207	130	376	125	1,015	35	594	1	22	132	788	68	427	84	154	232	547
2008	송파구	송파2동	834	309	4,005	2,078	1,927	-	-	-	-	19	39	-	-	-	-	35	399	203	653	76	92	114	424	6	204	5	41	72	271	22	71	12	532	1	19	106	856	39	163	25	49	99	192
2008	송파구	석촌동	2,829	983	13,322	8,034	5,288	-	-	-	-	122	657	1	14	-	-	152	1,743	752	2,486	196	245	552	1,594	30	260	40	875	156	457	135	1,995	37	753	1	17	119	784	92	521	150	295	294	626
2008	송파구	삼전동	2,029	652	10,038	6,497	3,541	1	152	-	-	95	736	-	-	1	46	122	1,249	491	1,839	182	519	321	879	22	164	10	98	147	483	76	737	16	1,091	3	125	121	730	60	409	106	246	255	535
2008	송파구	가락본동	3,157	938	26,246	17,369	8,877	-	-	-	-	104	1,143	-	-	3	38	259	3,456	944	4,378	173	394	578	1,901	83	1,662	43	741	144	567	175	3,320	86	4,325	6	1,008	102	800	69	1,242	128	279	260	992
2008	송파구	가락1동	3,995	1,036	11,531	8,144	3,387	-	-	-	-	16	187	-	-	3	73	3	8	3,419	9,405	208	282	107	262	3	18	6	81	54	388	13	75	39	271	3	37	16	112	7	83	2	3	96	246
2008	송파구	가락2동	2,019	709	9,749	5,740	4,009	-	-	-	-	103	1,347	-	-	2	36	140	1,069	474	1,778	189	402	257	883	22	235	14	159	117	384	78	869	17	136	2	439	178	865	83	359	81	196	262	592
2008	송파구	문정1동	1,360	436	6,873	4,483	2,390	-	-	-	-	73	524	-	-	1	6	94	1,361	424	1,534	131	302	176	606	16	130	8	58	94	218	46	562	15	561	1	14	64	418	34	199	47	109	136	271
2008	송파구	문정2동	414	151	2,511	1,563	948	-	-	-	-	8	87	-	-	5	85	17	47	99	846	31	263	41	113	2	60	16	180	30	146	12	30	3	12	2	113	34	214	30	109	17	86	67	120
2008	송파구	장지동	1,349	366	8,976	6,799	2,177	-	-	-	-	66	325	-	-	5	472	83	709	256	1,284	302	2,446	137	298	8	256	11	104	118	269	51	1,512	18	262	3	56	74	465	32	124	35	46	150	348
2008	송파구	잠실본동	3,028	1,100	15,240	8,937	6,303	-	-	1	61	95	557	1	3	2	12	113	1,938	671	2,439	107	217	744	2,531	58	649	46	565	248	1,056	120	1,776	47	868	5	67	145	691	140	675	189	433	296	702
2008	송파구	잠실4동	347	101	1,251	673	578	-	-	-	-	7	13	-	-	2	6	4	12	51	148	128	145	14	37	1	5	12	107	54	181	5	17	2	61	2	79	14	292	18	85	5	12	28	51
2008	송파구	잠실6동	1,716	489	20,962	12,678	8,284	-	-	1	2	26	73	-	-	-	-	44	1,822	404	2,942	437	469	218	1,078	43	3,909	110	6,194	72	420	80	1,100	27	289	2	1,351	70	397	46	241	18	86	118	589
2008	송파구	잠실7동	192	90	982	491	491	-	-	-	-	1	4	-	-	-	-	10	30	70	120	6	26	13	34	1	3	5	63	20	152	1	1	1	3	1	4	18	363	7	20	6	18	32	141
2008	송파구	잠실2동	201	30	1,700	1,019	681	-	-	-	-	-	-	-	-	-	-	-	-	18	61	83	111	13	97	1	3	7	82	22	148	-	-	2	11	4	224	6	406	2	12	11	436	32	109
2008	송파구	잠실3동	1,125	498	6,818	3,169	3,649	-	-	-	-	14	22	-	-	-	-	14	28	492	1,960	88	112	161	1,640	1	4	24	276	107	344	10	27	8	23	5	51	37	399	38	164	6	1,429	120	339
2008	강동구	소계	27,343	9,248	108,541	59,645	48,896	-	-	2	7	1,376	6,123	3	216	10	102	931	7,848	6,216	21,164	5,419	9,360	4,489	13,244	127	1,434	271	4,595	1,597	4,842	419	3,488	208	5,167	40	2,741	1,388	9,285	878	9,788	996	2,962	2,973	6,175
2008	강동구	강일동	87	12	1,273	1,099	174	-	-	-	-	8	31	-	-	1	12	1	24	20	143	36	997	11	34	1	2	-	-	2	2	-	-	-	-	1	12	-	-	1	6	-	-	5	10
2008	강동구	상일동	1,105	311	4,730	2,507	2,223	-	-	-	-	41	111	-	-	-	-	28	159	219	629	358	419	131	319	3	15	4	30	80	215	10	42	5	40	1	12	66	884	19	1,575	26	98	114	182
2008	강동구	명일1동	1,592	738	4,546	2,063	2,483	-	-	-	-	50	173	-	-	-	-	31	89	393	1,085	179	190	316	838	4	15	13	142	94	354	13	40	10	169	1	12	145	480	97	397	79	186	167	376
2008	강동구	명일2동	1,153	523	4,607	2,270	2,337	-	-	-	-	33	73	-	-	-	-	34	136	344	1,035	61	61	177	606	7	39	13	131	78	402	16	357	8	82	2	67	179	1,001	47	235	52	140	102	242
2008	강동구	고덕1동	670	216	2,132	1,098	1,034	-	-	-	-	19	44	-	-	-	-	14	30	94	336	244	268	72	194	2	4	-	-	52	145	2	4	2	13	3	109	49	589	21	246	19	37	77	113
2008	강동구	고덕2동	1,916	239	3,513	2,499	1,014	-	-	-	-	18	72	-	-	2	32	7	42	145	292	1,397	1,622	86	198	-	-	6	50	63	114	1	2	1	2	2	38	43	550	21	192	24	136	100	171
2008	강동구	암사2동	768	271	2,741	1,281	1,460	-	-	1	2	32	172	-	-	-	-	30	159	121	676	185	206	128	472	4	15	3	37	51	112	5	19	2	20	2	30	67	344	35	176	28	119	74	182
2008	강동구	암사3동	491	127	1,812	1,149	663	-	-	-	-	27	110	1	100	-	-	8	67	126	353	145	372	35	93	-	-	3	24	38	101	6	10	4	28	2	84	21	231	17	112	8	25	50	102
2008	강동구	천호1동	1,565	521	4,870	2,443	2,427	-	-	-	-	99	354	-	-	-	-	45	126	347	1,226	331	662	226	526	2	28	8	167	97	201	15	69	10	126	1	16	77	620	54	311	51	128	202	310
2008	강동구	천호3동	1,771	687	5,807	2,939	2,868	-	-	-	-	72	259	-	-	1	5	44	183	510	1,271	256	496	304	909	9	15	28	524	115	372	21	148	15	297	2	43	46	268	45	327	66	156	237	534
2008	강동구	성내1동	1,989	561	13,481	8,611	4,870	-	-	-	-	185	1,199	-	-	3	29	145	1,563	536	2,414	196	744	301	992	27	337	17	267	82	400	131	1,039	28	774	10	2,018	70	652	37	429	56	242	165	382
2008	강동구	성내2동	1,820	662	6,391	3,073	3,318	-	-	-	-	140	481	-	-	1	10	67	236	401	1,207	234	408	321	957	7	78	46	1,087	118	225	15	68	19	115	1	17	64	336	68	502	78	171	240	493
2008	강동구	성내3동	2,175	782	9,522	5,368	4,154	-	-	-	-	103	389	-	-	-	-	96	939	560	2,077	210	261	447	1,240	12	233	18	149	124	265	40	824	17	1,072	1	14	133	579	91	608	110	229	213	643
2008	강동구	둔촌1동	406	175	1,480	847	633	-	-	-	-	8	31	1	104	-	-	15	29	129	254	86	95	14	49	1	5	3	34	50	278	2	2	1	13	1	11	28	360	5	12	3	118	59	85
2008	강동구	둔촌2동	1,381	471	6,977	3,762	3,215	-	-	-	-	83	341	-	-	-	-	64	367	293	1,395	207	298	227	701	4	36	10	153	73	209	31	199	15	720	1	14	84	575	39	1,484	53	109	197	376
2008	강동구	암사1동	1,868	646	4,662	2,571	2,091	-	-	-	-	103	410	-	-	-	-	65	280	388	1,004	395	655	305	680	3	22	9	126	127	232	13	31	7	57	1	20	77	273	47	265	83	177	245	430
2008	강동구	천호2동	2,917	1,021	12,369	6,466	5,903	-	-	-	-	167	595	-	-	-	-	83	954	814	3,286	317	469	648	2,236	13	129	39	622	138	614	35	167	32	414	3	104	90	672	112	932	105	503	321	672
2008	강동구	길동	3,669	1,285	17,628	9,599	8,029	-	-	1	5	188	1,278	1	12	2	14	154	2,465	776	2,481	582	1,137	740	2,200	28	461	51	1,052	215	601	63	467	32	1,225	5	120	149	871	122	1,979	155	388	405	872