기간	자치구	행정동	합계	합계	합계	합계	합계	농업 임업 및 어업	농업 임업 및 어업	광업	광업	제조업	제조업	전기 가스 증기 및 수도사업	전기 가스 증기 및 수도사업	하수 · 폐기물 처리 원료재생 및 환경복원업	하수 · 폐기물 처리 원료재생 및 환경복원업	건설업	건설업	도매 및 소매업	도매 및 소매업	운수업	운수업	숙박 및 음식점업	숙박 및 음식점업	출판 영상 방송통신 및 정보서비스업	출판 영상 방송통신 및 정보서비스업	금융 및 보험업	금융 및 보험업	부동산업 및 임대업	부동산업 및 임대업	전문 과학 및 기술 서비스업	전문 과학 및 기술 서비스업	사업시설관리 및 사업지원 서비스업	사업시설관리 및 사업지원 서비스업	공공행정 국방 및 사회보장 행정	공공행정 국방 및 사회보장 행정	교육 서비스업	교육 서비스업	보건업 및 사회복지 서비스업	보건업 및 사회복지 서비스업	예술 스포츠 및 여가관련 서비스업	예술 스포츠 및 여가관련 서비스업	협회 및 단체 수리  및 기타 개인 서비스업	협회 및 단체 수리  및 기타 개인 서비스업
기간	자치구	행정동	사업체수	사업체수	종사자수	종사자수	종사자수	사업체수	종사자수	사업체수	종사자수	사업체수	종사자수	사업체수	종사자수	사업체수	종사자수	사업체수	종사자수	사업체수	종사자수	사업체수	종사자수	사업체수	종사자수	사업체수	종사자수	사업체수	종사자수	사업체수	종사자수	사업체수	종사자수	사업체수	종사자수	사업체수	종사자수	사업체수	종사자수	사업체수	종사자수	사업체수	종사자수	사업체수	종사자수
기간	자치구	행정동	사업체수	여성대표자	계	남	여	사업체수	종사자수	사업체수	종사자수	사업체수	종사자수	사업체수	종사자수	사업체수	종사자수	사업체수	종사자수	사업체수	종사자수	사업체수	종사자수	사업체수	종사자수	사업체수	종사자수	사업체수	종사자수	사업체수	종사자수	사업체수	종사자수	사업체수	종사자수	사업체수	종사자수	사업체수	종사자수	사업체수	종사자수	사업체수	종사자수	사업체수	종사자수
2013	합계	합계	785,094	260,341	4,585,090	2,606,372	1,978,718	18	276	22	595	58,551	272,972	122	10,148	448	6,536	21,027	286,131	226,629	826,015	93,368	256,611	123,634	443,079	19,240	314,316	10,165	257,803	34,629	139,538	33,624	399,412	12,495	360,854	1,267	133,561	32,240	313,846	24,984	280,428	21,122	77,465	71,509	205,504
2013	종로구	소계	39,326	12,850	235,681	132,534	103,147	-	-	5	17	3,948	11,749	5	49	7	135	323	16,725	17,267	42,078	1,445	6,226	6,286	24,673	776	14,491	500	16,501	1,107	5,862	1,433	22,216	1,134	20,001	89	17,239	866	12,325	654	12,522	854	5,022	2,627	7,850
2013	종로구	사직동	3,466	1,118	45,046	25,492	19,554	-	-	1	1	47	154	1	1	2	34	42	3,164	585	2,546	277	1,910	836	3,370	199	2,656	111	3,991	138	1,808	326	7,671	369	6,587	22	6,924	78	1,018	99	813	80	1,178	253	1,220
2013	종로구	삼청동	650	300	3,980	2,013	1,967	-	-	-	-	18	41	-	-	-	-	8	10	233	615	21	53	219	916	20	85	5	33	9	16	31	255	16	176	4	1,168	15	326	9	39	17	120	25	127
2013	종로구	부암동	483	192	3,590	1,731	1,859	-	-	1	5	17	72	-	-	-	-	15	57	94	517	35	37	126	395	9	38	3	30	19	46	21	87	2	7	3	55	36	1,735	6	37	13	53	83	419
2013	종로구	평창동	662	319	2,635	1,239	1,396	-	-	-	-	10	103	-	-	-	-	25	63	139	463	47	89	151	505	18	96	6	58	42	97	12	224	5	18	2	64	34	200	34	322	27	137	110	196
2013	종로구	무악동	558	134	1,388	723	665	-	-	-	-	6	12	-	-	-	-	6	44	54	125	305	308	57	152	2	4	3	17	18	62	4	13	4	21	1	12	28	136	11	335	7	25	52	122
2013	종로구	교남동	315	97	3,493	1,479	2,014	-	-	-	-	7	26	-	-	-	-	8	52	60	400	31	56	64	190	7	161	9	83	20	41	11	201	5	22	2	31	18	218	8	1,806	8	26	57	180
2013	종로구	가회동	607	288	8,218	5,608	2,610	-	-	-	-	25	199	-	-	-	-	7	1,886	146	455	23	134	195	741	16	919	9	123	18	27	39	2,237	12	303	3	387	32	444	13	107	25	123	44	133
2013	종로구	종로1.2.3.4가동	15,713	4,834	97,700	57,531	40,169	-	-	2	10	1,862	5,596	4	48	3	20	85	10,684	7,579	17,919	193	1,497	2,173	9,828	298	7,345	220	9,810	383	2,200	598	7,767	555	11,181	23	5,974	316	2,975	163	1,224	265	955	991	2,667
2013	종로구	종로5·6가동	7,735	2,568	24,602	15,195	9,407	-	-	-	-	780	2,114	-	-	-	-	29	407	5,287	11,517	81	1,352	636	1,794	62	1,656	31	757	141	647	122	1,451	60	804	6	328	48	338	105	392	50	148	297	897
2013	종로구	이화동	1,139	373	13,777	5,609	8,168	-	-	-	-	67	265	-	-	-	-	10	21	217	921	40	57	334	1,993	47	440	8	79	30	128	84	1,233	12	41	5	204	41	1,213	26	6,201	106	693	112	288
2013	종로구	창신1동	2,250	680	6,408	3,370	3,038	-	-	-	-	306	647	-	-	1	47	7	15	1,291	2,775	47	104	258	754	12	40	25	303	60	279	18	55	14	505	1	17	24	156	36	196	35	205	115	310
2013	종로구	창신2동	858	280	2,331	1,038	1,293	-	-	-	-	366	1,190	-	-	-	-	8	11	148	259	36	40	122	273	1	2	7	119	21	26	6	12	8	14	1	15	12	36	23	148	20	45	79	141
2013	종로구	창신3동	269	77	794	415	379	-	-	-	-	35	89	-	-	1	34	4	5	43	99	66	108	33	69	2	5	2	9	20	63	3	17	2	9	1	12	13	144	9	61	4	14	31	56
2013	종로구	숭인1동	531	163	1,659	722	937	-	-	-	-	164	569	-	-	-	-	9	16	128	368	37	59	58	240	8	18	2	11	17	37	13	34	5	7	1	46	17	48	18	93	7	10	47	103
2013	종로구	숭인2동	1,683	479	5,682	2,838	2,844	-	-	1	1	185	517	-	-	-	-	26	134	742	1,613	73	152	262	643	18	456	41	840	73	157	33	144	29	76	3	109	34	372	23	72	41	210	99	186
2013	종로구	청운효자동	795	336	5,625	3,241	2,384	-	-	-	-	32	82	-	-	-	-	14	40	212	487	59	140	141	316	23	108	8	129	46	93	57	350	11	47	9	1,860	44	723	27	455	16	462	96	333
2013	종로구	혜화동	1,612	612	8,753	4,290	4,463	-	-	-	-	21	73	-	-	-	-	20	116	309	999	74	130	621	2,494	34	462	10	109	52	135	55	465	25	183	2	33	76	2,243	44	221	133	618	136	472
2013	중구	소계	64,846	23,162	370,070	209,289	160,781	1	12	-	-	9,959	26,614	6	646	9	135	398	7,517	34,681	92,071	1,713	12,756	5,931	29,986	939	27,320	1,250	53,776	1,498	8,130	2,840	35,051	1,290	26,964	73	20,251	510	7,644	673	8,097	619	3,613	2,456	9,487
2013	중구	소공동	3,823	947	61,868	37,241	24,627	-	-	-	-	112	356	-	-	1	6	31	927	1,019	7,840	376	5,278	708	5,644	121	5,898	251	17,413	136	1,106	439	8,125	265	4,724	7	262	35	1,317	68	677	49	714	205	1,581
2013	중구	회현동	9,869	4,958	47,252	25,510	21,742	-	-	-	-	227	723	1	170	-	-	18	701	8,039	19,952	117	1,449	620	3,431	40	5,032	178	7,961	128	794	66	3,220	91	1,152	6	439	19	191	62	404	39	737	218	896
2013	중구	명동	6,855	1,935	103,320	58,825	44,495	-	-	-	-	375	1,393	4	288	1	17	34	3,784	2,032	11,360	282	2,685	1,249	8,694	203	9,655	508	22,244	297	2,340	481	10,952	508	9,443	21	14,782	75	816	173	1,570	77	424	535	2,873
2013	중구	필동	3,196	755	21,901	13,226	8,675	-	-	-	-	1,113	4,619	-	-	1	26	21	199	441	1,996	40	193	467	1,755	169	2,328	45	1,085	83	355	471	2,512	60	1,187	9	1,503	53	2,333	33	1,105	61	260	129	445
2013	중구	장충동	844	239	9,297	4,725	4,572	-	-	-	-	97	441	1	188	1	4	25	594	206	1,433	26	56	175	2,257	34	551	13	96	33	389	82	823	19	1,288	3	54	22	188	9	55	19	435	79	445
2013	중구	광희동	10,372	3,558	36,642	19,996	16,646	1	12	-	-	2,802	6,247	-	-	-	-	46	240	5,485	13,283	115	1,205	674	2,515	91	701	89	1,672	148	874	423	4,779	87	1,160	4	1,515	28	264	43	1,264	71	201	265	710
2013	중구	을지로동	9,814	1,964	27,740	18,949	8,791	-	-	-	-	3,786	8,027	-	-	-	-	63	233	4,000	8,612	91	493	561	1,760	120	958	62	1,601	156	387	513	1,784	81	1,680	4	554	21	85	46	841	67	146	243	579
2013	중구	신당5동	1,156	406	4,043	2,110	1,933	-	-	-	-	209	821	-	-	1	2	16	63	349	865	55	92	219	513	16	39	10	93	40	82	12	59	9	45	3	494	18	268	39	260	38	90	122	257
2013	중구	황학동	2,055	632	5,702	3,488	2,214	-	-	-	-	199	308	-	-	-	-	15	31	1,203	2,443	81	102	272	594	11	25	11	105	60	188	18	43	18	1,469	2	17	14	27	18	96	24	38	109	216
2013	중구	중림동	1,045	309	8,292	4,330	3,962	-	-	-	-	90	460	-	-	1	31	18	66	290	1,332	88	516	190	579	36	1,344	31	870	54	327	40	1,045	29	452	3	46	29	447	32	214	28	114	86	449
2013	중구	신당동	12,219	6,254	26,112	11,853	14,259	-	-	-	-	490	1,475	-	-	1	22	22	41	10,635	19,338	65	168	325	1,002	21	280	28	403	162	692	165	469	63	587	5	464	24	509	23	265	48	143	142	254
2013	중구	다산동	1,119	345	7,855	3,647	4,208	-	-	-	-	99	346	-	-	-	-	31	244	308	1,268	102	182	162	451	38	343	8	99	58	147	70	1,008	27	2,744	1	15	36	340	40	315	28	69	111	284
2013	중구	약수동	834	360	3,478	1,616	1,862	-	-	-	-	39	133	-	-	1	22	20	113	235	847	95	135	141	428	9	36	4	39	48	224	25	65	11	254	3	81	52	179	44	658	24	96	83	168
2013	중구	청구동	702	218	3,274	2,059	1,215	-	-	-	-	81	277	-	-	1	5	16	211	175	591	101	122	82	195	19	104	6	62	37	106	18	110	14	760	1	11	52	419	18	87	20	100	61	114
2013	중구	동화동	943	282	3,294	1,714	1,580	-	-	-	-	240	988	-	-	-	-	22	70	264	911	79	80	86	168	11	26	6	33	58	119	17	57	8	19	1	14	32	261	25	286	26	46	68	216
2013	용산구	소계	20,067	6,562	127,151	73,301	53,850	-	-	1	7	1,005	3,485	2	5	8	126	414	10,658	7,661	29,140	1,354	4,258	3,743	15,908	475	7,607	285	6,178	1,023	3,909	610	10,439	302	9,229	48	4,152	509	7,631	459	5,541	391	2,218	1,777	6,660
2013	용산구	후암동	819	303	5,239	2,153	3,086	-	-	-	-	54	196	-	-	-	-	18	415	205	596	102	125	152	405	15	142	4	30	56	100	18	96	7	2,235	3	96	34	194	39	266	15	123	97	220
2013	용산구	용산2가동	511	154	2,934	1,548	1,386	-	-	-	-	34	109	-	-	-	-	12	12	117	239	91	127	96	348	8	72	4	25	32	54	8	29	4	75	3	993	19	413	12	58	14	272	57	108
2013	용산구	남영동	1,612	597	20,356	13,110	7,246	-	-	1	7	68	268	1	4	1	14	28	6,040	410	1,728	38	915	459	2,309	44	460	92	3,994	59	215	62	1,470	48	1,232	2	37	52	437	55	380	65	279	127	567
2013	용산구	원효로2동	1,190	296	6,812	4,574	2,238	-	-	-	-	30	167	-	-	3	59	28	168	593	2,685	97	194	114	313	32	677	9	81	58	391	35	305	13	644	1	16	41	442	17	97	16	36	103	537
2013	용산구	효창동	535	151	2,603	1,483	1,120	-	-	-	-	28	74	-	-	-	-	28	497	120	478	96	154	59	129	18	112	2	19	26	54	15	82	12	102	1	13	36	256	31	366	9	33	54	234
2013	용산구	용문동	637	262	1,600	852	748	-	-	-	-	28	106	-	-	-	-	19	51	217	610	85	94	101	215	9	74	2	17	31	77	4	10	3	9	1	14	26	68	22	110	18	33	71	112
2013	용산구	이촌1동	805	384	3,486	1,559	1,927	-	-	-	-	4	12	-	-	-	-	16	32	230	496	29	37	180	703	2	14	25	240	87	445	11	117	2	9	3	43	47	477	51	351	18	73	100	437
2013	용산구	이촌2동	337	89	876	579	297	-	-	-	-	9	20	-	-	2	16	8	13	80	223	97	189	26	56	5	11	2	20	32	116	-	-	2	2	2	43	15	28	8	40	2	4	47	95
2013	용산구	이태원1동	1,584	690	7,121	3,945	3,176	-	-	-	-	60	95	-	-	-	-	12	30	768	1,341	38	77	450	2,747	11	89	29	161	43	157	20	124	17	103	5	1,682	8	93	15	191	11	27	97	204
2013	용산구	이태원2동	597	231	2,215	1,269	946	-	-	-	-	16	34	-	-	-	-	22	156	119	707	76	88	171	600	4	54	10	47	52	97	18	57	4	10	1	14	13	139	15	65	15	46	61	101
2013	용산구	서빙고동	405	124	4,616	2,780	1,836	-	-	-	-	9	65	-	-	1	2	18	618	105	972	69	353	49	205	11	427	5	32	27	207	16	111	8	106	2	44	22	175	6	284	10	450	47	565
2013	용산구	보광동	772	303	2,091	1,128	963	-	-	-	-	19	40	-	-	1	35	20	52	192	411	105	115	162	416	3	7	4	29	42	79	12	43	6	49	1	20	31	301	25	132	16	42	133	320
2013	용산구	청파동	1,890	644	10,019	4,445	5,574	-	-	-	-	388	1,369	1	1	-	-	27	173	387	1,096	128	282	412	1,193	55	444	12	80	73	198	34	455	25	154	3	25	60	3,147	37	581	34	107	214	714
2013	용산구	원효로1동	1,725	489	8,110	5,388	2,722	-	-	-	-	119	406	-	-	-	-	32	318	745	3,363	86	230	284	844	67	316	6	48	79	342	71	699	20	307	3	417	28	279	32	192	39	84	114	265
2013	용산구	한강로동	4,988	1,234	33,136	19,926	13,210	-	-	-	-	102	393	-	-	-	-	66	1,149	3,013	11,746	104	1,033	572	2,221	143	2,986	58	1,186	204	1,014	184	4,681	94	3,235	15	637	40	557	51	540	55	280	287	1,478
2013	용산구	한남동	1,660	611	15,937	8,562	7,375	-	-	-	-	37	131	-	-	-	-	60	934	360	2,449	113	245	456	3,204	48	1,722	21	169	122	363	102	2,160	37	957	2	58	37	625	43	1,888	54	329	168	703
2013	성동구	소계	24,803	7,090	143,803	86,824	56,979	-	-	1	2	4,455	28,823	10	756	24	399	596	5,031	6,655	25,469	2,737	8,113	3,311	9,734	530	5,851	295	3,110	1,056	4,251	839	8,579	266	14,006	44	3,807	745	10,030	582	6,338	541	2,041	2,116	7,463
2013	성동구	왕십리2동	746	254	1,926	912	1,014	-	-	-	-	139	449	-	-	-	-	17	23	136	279	105	112	82	186	5	18	5	48	58	190	14	48	7	25	2	22	35	169	25	153	25	47	91	157
2013	성동구	마장동	3,146	765	10,974	7,387	3,587	-	-	-	-	310	1,011	2	157	1	16	46	211	1,553	4,441	531	978	247	626	9	16	14	153	69	299	48	352	13	1,040	5	309	52	374	44	395	34	129	168	467
2013	성동구	사근동	963	321	9,219	4,452	4,767	-	-	-	-	40	144	-	-	2	5	6	17	150	438	79	143	393	1,389	11	49	9	56	35	65	36	161	23	92	2	64	39	4,271	12	1,992	57	141	69	192
2013	성동구	행당1동	1,400	550	8,526	4,529	3,997	-	-	-	-	80	216	2	158	-	-	18	256	467	1,497	127	266	293	1,302	14	328	14	114	51	195	25	625	11	39	5	2,106	60	401	58	386	36	188	139	449
2013	성동구	행당2동	571	237	2,107	859	1,248	-	-	-	-	15	40	-	-	-	-	19	46	124	346	93	101	64	261	1	2	5	51	39	166	9	22	5	31	2	49	69	585	38	192	8	28	80	187
2013	성동구	응봉동	384	127	1,024	548	476	-	-	-	-	8	14	-	-	1	2	19	24	65	129	112	126	42	115	4	6	3	19	23	161	1	1	-	-	2	45	34	204	15	85	8	10	47	83
2013	성동구	금호1가동	571	199	1,658	796	862	-	-	-	-	60	189	1	5	-	-	16	44	91	237	115	152	72	176	4	5	4	29	37	110	6	9	5	31	2	48	39	242	30	173	15	54	74	154
2013	성동구	금호4가동	616	239	1,963	1,043	920	-	-	-	-	33	92	-	-	1	2	12	103	138	336	71	303	100	226	1	1	6	67	46	114	15	36	3	15	2	16	36	261	39	190	24	44	89	157
2013	성동구	성수1가1동	1,336	323	6,683	4,304	2,379	-	-	-	-	444	2,117	1	89	-	-	29	341	276	1,037	140	194	113	283	32	256	5	45	62	180	36	329	15	293	1	16	45	492	23	169	24	640	90	202
2013	성동구	성수1가2동	1,946	458	12,598	8,205	4,393	-	-	-	-	489	2,636	-	-	6	63	62	550	405	2,476	199	876	229	618	96	1,173	9	124	90	355	81	935	16	1,455	2	17	53	381	27	168	43	93	139	678
2013	성동구	성수2가1동	2,351	646	14,571	9,193	5,378	-	-	-	-	636	3,863	-	-	-	-	49	530	561	2,681	203	488	314	779	84	1,455	8	244	71	203	86	950	28	1,098	5	807	37	550	41	220	58	130	170	573
2013	성동구	성수2가3동	4,690	1,008	43,517	28,098	15,419	-	-	-	-	1,484	14,815	-	-	3	9	141	1,689	1,072	6,364	386	1,927	394	1,234	208	2,295	35	642	161	1,224	308	4,059	71	5,568	3	66	38	680	40	370	74	172	272	2,403
2013	성동구	송정동	712	201	2,156	1,319	837	-	-	-	-	125	369	-	-	2	6	36	238	149	412	115	150	79	172	2	9	2	3	23	33	56	208	6	15	2	48	17	118	11	123	7	8	80	244
2013	성동구	용답동	2,050	535	13,485	8,552	4,933	-	-	1	2	174	1,158	3	346	6	289	36	391	740	2,590	159	1,830	258	708	25	87	132	616	78	221	41	494	34	3,241	2	42	35	198	44	385	42	122	240	765
2013	성동구	왕십리도선동	1,588	497	8,254	4,301	3,953	-	-	-	-	285	1,223	1	1	1	4	40	416	403	1,420	80	179	300	802	26	111	28	788	84	405	54	256	22	1,006	3	61	44	388	56	834	40	64	121	296
2013	성동구	금호2.3가동	974	413	2,422	1,054	1,368	-	-	-	-	94	320	-	-	-	-	13	31	198	382	146	186	206	441	1	6	9	59	57	109	3	17	4	49	2	46	45	173	45	309	21	79	130	215
2013	성동구	옥수동	759	317	2,720	1,272	1,448	-	-	-	-	39	167	-	-	1	3	37	121	127	404	76	102	125	416	7	34	7	52	72	221	20	77	3	8	2	45	67	543	34	194	25	92	117	241
2013	광진구	소계	24,676	8,706	119,965	68,186	51,779	-	-	-	-	1,895	8,612	3	114	13	128	770	10,326	6,236	19,027	2,587	7,595	4,612	16,610	362	3,792	202	3,257	1,133	3,343	741	5,860	368	6,725	36	2,746	1,132	12,597	831	9,131	954	3,699	2,801	6,403
2013	광진구	화양동	2,456	888	14,197	7,337	6,860	-	-	-	-	79	344	-	-	1	18	33	210	466	1,448	100	221	933	3,720	47	240	12	98	111	308	66	224	52	343	2	85	83	3,261	61	2,573	154	361	256	743
2013	광진구	군자동	1,572	551	7,832	4,276	3,556	-	-	-	-	135	460	-	-	1	3	40	134	372	1,294	133	470	339	1,090	43	251	15	220	61	143	41	197	26	354	2	30	66	2,202	58	461	59	134	181	389
2013	광진구	중곡1동	1,601	553	6,943	3,973	2,970	-	-	-	-	280	1,799	-	-	1	2	46	365	424	1,268	171	338	276	576	13	65	11	103	59	102	29	275	17	1,177	2	44	34	98	39	243	44	82	155	406
2013	광진구	중곡2동	1,748	639	5,699	2,711	2,988	-	-	-	-	212	992	-	-	1	16	55	274	422	1,261	193	267	239	580	25	128	13	112	78	146	48	242	34	242	3	59	77	320	71	591	57	100	220	369
2013	광진구	중곡3동	1,359	522	4,778	2,582	2,196	-	-	-	-	246	965	-	-	-	-	41	490	272	694	180	435	234	538	4	15	2	18	42	58	16	48	5	98	1	13	46	242	49	672	49	135	172	357
2013	광진구	중곡4동	1,572	539	4,959	2,800	2,159	-	-	-	-	201	796	-	-	1	23	44	629	365	819	302	355	206	440	4	11	7	80	45	73	10	53	12	24	3	79	71	686	59	375	58	134	184	382
2013	광진구	능동	698	224	4,466	2,175	2,291	-	-	-	-	33	148	-	-	-	-	21	152	200	1,279	65	124	122	514	19	146	10	428	31	69	22	151	9	83	3	68	25	449	25	255	46	423	67	177
2013	광진구	구의1동	1,838	645	6,361	3,741	2,620	-	-	-	-	96	296	-	-	-	-	75	619	373	1,036	131	295	394	970	40	175	13	110	94	181	177	629	34	564	3	354	60	365	45	262	91	157	212	348
2013	광진구	구의2동	1,314	421	5,211	2,977	2,234	-	-	-	-	89	512	1	94	-	-	37	325	299	1,014	241	467	210	558	14	113	11	269	54	140	18	333	8	37	1	17	67	415	54	524	40	82	170	311
2013	광진구	구의3동	2,596	845	19,699	13,156	6,543	-	-	-	-	50	408	-	-	2	6	73	5,006	1,093	3,062	148	770	366	1,453	45	1,041	26	255	128	611	85	2,374	50	2,194	1	18	155	922	76	488	75	236	223	855
2013	광진구	광장동	1,361	521	10,953	6,030	4,923	-	-	-	-	47	261	1	8	2	30	75	654	365	1,318	73	146	221	2,937	31	176	24	754	94	495	52	377	27	274	2	75	108	1,449	58	352	38	1,304	143	343
2013	광진구	자양1동	1,694	619	8,364	5,018	3,346	-	-	-	-	100	387	1	12	1	26	67	406	472	1,062	170	1,561	249	607	25	92	13	222	83	168	56	318	30	578	3	1,065	69	420	74	905	54	107	227	428
2013	광진구	자양2동	1,517	469	7,311	4,263	3,048	-	-	-	-	93	435	-	-	3	4	83	423	289	887	243	409	204	534	27	1,116	16	366	77	221	57	306	18	289	4	728	92	784	52	318	52	129	207	362
2013	광진구	자양3동	1,317	508	6,244	3,137	3,107	-	-	-	-	51	152	-	-	-	-	22	163	283	1,430	232	652	218	1,018	12	200	15	160	95	429	25	130	11	232	2	37	117	683	44	435	39	102	151	421
2013	광진구	자양4동	2,033	762	6,948	4,010	2,938	-	-	-	-	183	657	-	-	-	-	58	476	541	1,155	205	1,085	401	1,075	13	23	14	62	81	199	39	203	35	236	4	74	62	301	66	677	98	213	233	512
2013	동대문구	소계	31,972	10,532	132,100	71,707	60,393	-	-	1	2	3,108	11,666	1	1	17	135	718	6,084	11,418	31,164	3,635	7,203	5,084	13,850	237	1,885	304	4,760	1,162	3,826	538	6,890	306	6,295	52	3,453	925	14,743	908	12,037	739	2,119	2,819	5,987
2013	동대문구	회기동	990	409	10,029	4,817	5,212	-	-	-	-	25	53	-	-	-	-	12	26	224	632	51	87	402	1,445	16	269	11	75	28	59	12	290	17	31	2	18	51	3,901	17	2,810	51	108	71	225
2013	동대문구	휘경1동	1,041	367	3,869	1,927	1,942	-	-	-	-	70	215	-	-	1	3	19	57	285	1,098	101	137	236	700	11	23	5	35	46	163	14	49	16	632	1	14	42	136	32	186	35	102	127	319
2013	동대문구	휘경2동	1,092	277	4,462	2,137	2,325	-	-	-	-	40	262	-	-	1	3	22	52	157	553	489	509	110	248	3	3	3	17	42	151	4	14	9	30	6	199	55	989	41	1,234	18	45	92	153
2013	동대문구	청량리동	1,687	629	8,301	4,555	3,746	-	-	-	-	78	184	-	-	2	10	39	97	454	970	170	184	345	875	13	101	25	645	59	196	75	1,486	23	112	5	1,066	59	931	77	902	65	196	198	346
2013	동대문구	용신동	5,504	1,691	27,882	16,050	11,832	-	-	-	-	831	2,854	1	1	3	9	135	1,180	2,345	6,967	235	596	723	1,698	80	477	101	1,893	209	566	142	3,350	75	2,799	8	1,371	79	1,357	85	1,345	78	513	374	906
2013	동대문구	제기동	4,697	1,661	11,249	6,174	5,075	-	-	-	-	322	682	-	-	-	-	55	154	2,820	5,601	177	256	589	1,151	15	103	29	430	122	335	48	420	29	276	3	83	55	433	150	767	30	59	253	499
2013	동대문구	전농1동	2,244	849	7,761	3,798	3,963	-	-	-	-	130	375	-	-	3	12	55	154	749	2,342	253	693	479	1,608	12	87	11	113	86	138	25	85	16	43	4	51	66	335	52	1,036	62	154	241	535
2013	동대문구	전농2동	845	311	4,362	1,954	2,408	-	-	-	-	44	152	-	-	-	-	16	40	163	422	184	185	120	383	3	8	5	42	27	105	29	157	2	3	2	149	71	2,213	42	221	32	77	105	205
2013	동대문구	답십리1동	2,095	551	10,111	6,323	3,788	-	-	1	2	128	524	-	-	-	-	59	2,414	685	1,682	438	1,578	249	638	9	38	25	245	104	298	35	249	33	580	3	62	56	380	60	892	47	89	163	440
2013	동대문구	답십리2동	2,003	516	5,735	3,479	2,256	-	-	-	-	153	482	-	-	-	-	54	234	811	2,201	329	462	183	425	11	22	6	39	64	513	16	44	7	13	2	20	62	257	62	423	47	127	196	473
2013	동대문구	장안1동	4,376	1,271	20,752	11,494	9,258	-	-	-	-	789	3,657	-	-	2	5	123	1,256	1,419	5,157	415	1,002	553	1,586	43	668	59	1,053	150	899	93	615	42	1,657	9	251	71	852	94	949	87	277	427	868
2013	동대문구	장안2동	3,190	1,130	10,088	4,930	5,158	-	-	-	-	430	1,991	-	-	3	59	61	206	879	2,491	438	761	544	1,666	13	58	13	90	108	180	32	89	19	72	2	53	146	882	102	785	109	198	291	507
2013	동대문구	이문1동	1,476	594	5,316	2,778	2,538	-	-	-	-	41	109	-	-	1	2	48	133	303	769	171	173	422	1,148	6	26	8	73	68	115	11	40	15	30	3	61	64	1,854	58	279	64	151	193	353
2013	동대문구	이문2동	732	276	2,183	1,291	892	-	-	-	-	27	126	-	-	1	32	20	81	124	279	184	580	129	279	2	2	3	10	49	108	2	2	3	17	2	55	48	223	36	208	14	23	88	158
2013	중랑구	소계	27,490	9,152	96,038	51,218	44,820	-	-	2	4	3,290	14,641	2	109	20	232	848	3,949	5,766	16,296	6,080	12,618	4,121	10,455	130	1,103	156	1,931	983	3,237	314	1,407	224	2,317	41	3,322	898	7,620	838	8,373	865	2,577	2,912	5,847
2013	중랑구	면목2동	2,018	645	6,140	3,511	2,629	-	-	-	-	433	1,813	-	-	-	-	88	262	445	1,092	339	941	227	455	12	86	2	15	69	153	24	74	7	20	2	56	64	322	50	338	43	83	213	430
2013	중랑구	면목4동	1,058	395	3,407	1,908	1,499	-	-	-	-	138	646	-	-	1	2	41	176	178	431	232	756	145	276	4	9	3	7	49	116	13	36	4	33	4	71	50	321	29	192	30	120	137	215
2013	중랑구	면목5동	1,002	284	3,740	2,242	1,498	-	-	-	-	223	1,072	-	-	3	23	54	205	234	822	170	678	107	228	3	6	3	25	22	44	7	17	11	72	2	67	7	41	19	173	24	50	113	217
2013	중랑구	면목7동	1,507	534	4,122	1,989	2,133	-	-	-	-	217	1,024	-	-	1	8	39	127	351	765	264	420	223	524	2	9	10	75	70	145	16	65	5	15	2	17	34	172	54	278	46	134	173	344
2013	중랑구	상봉1동	1,100	365	6,159	3,186	2,973	-	-	-	-	87	583	-	-	-	-	30	119	265	1,079	272	1,258	110	569	8	270	19	532	49	221	11	66	12	60	1	20	51	737	42	291	24	58	119	296
2013	중랑구	상봉2동	2,164	778	9,971	5,491	4,480	-	-	-	-	254	1,101	-	-	2	28	52	221	484	2,236	155	475	563	1,543	26	170	28	474	70	878	34	302	30	722	2	16	29	344	58	505	165	557	212	399
2013	중랑구	중화1동	1,100	358	3,655	1,738	1,917	-	-	-	-	108	535	1	24	2	4	45	314	221	611	248	290	99	203	6	154	3	28	51	120	16	55	10	42	2	16	80	627	43	344	15	27	150	261
2013	중랑구	중화2동	2,286	834	6,673	3,534	3,139	-	-	1	3	276	1,040	-	-	4	27	67	323	572	1,330	344	638	429	1,115	15	61	15	144	72	152	36	215	23	296	3	103	28	93	59	335	81	197	261	601
2013	중랑구	묵1동	1,503	501	5,870	3,147	2,723	-	-	-	-	61	347	1	85	-	-	46	710	317	1,095	371	385	229	743	11	44	11	98	85	227	17	112	17	160	2	52	62	638	61	447	47	240	165	487
2013	중랑구	묵2동	1,752	521	5,333	3,058	2,275	-	-	1	1	156	694	-	-	-	-	63	266	350	929	530	534	239	554	5	48	5	36	53	167	22	57	15	203	3	771	42	282	41	253	48	126	179	412
2013	중랑구	망우3동	1,072	365	3,543	1,849	1,694	-	-	-	-	212	1,134	-	-	-	-	51	183	185	408	239	505	131	276	1	5	2	16	29	46	5	44	10	93	1	20	45	380	26	207	18	60	117	166
2013	중랑구	신내1동	1,574	466	7,895	4,561	3,334	-	-	-	-	95	351	-	-	2	59	45	306	255	856	486	2,007	204	631	9	103	10	76	66	257	15	56	5	275	1	21	103	412	65	1,993	48	126	165	366
2013	중랑구	신내2동	1,074	402	5,172	2,601	2,571	-	-	-	-	12	21	-	-	-	-	14	46	206	554	340	382	115	417	4	51	3	35	45	178	25	66	9	25	7	1,905	93	660	68	566	22	62	111	204
2013	중랑구	면목본동	2,454	945	6,842	3,151	3,691	-	-	-	-	427	1,877	-	-	1	3	75	251	573	1,213	330	552	398	919	4	20	13	80	93	146	21	71	21	91	3	60	68	424	76	516	64	143	287	476
2013	중랑구	면목3.8동	3,043	789	7,685	4,319	3,366	-	-	-	-	272	1,049	-	-	1	5	44	106	435	982	1,296	1,713	425	967	8	23	8	85	73	161	17	52	15	36	2	19	64	1,228	53	680	102	183	228	396
2013	중랑구	망우본동	2,783	970	9,831	4,933	4,898	-	-	-	-	319	1,354	-	-	3	73	94	334	695	1,893	464	1,084	477	1,035	12	44	21	205	87	226	35	119	30	174	4	108	78	939	94	1,255	88	411	282	577
2013	성북구	소계	25,074	8,941	108,141	56,330	51,811	-	-	-	-	2,435	9,246	1	1	14	152	595	3,643	5,467	16,006	3,742	6,998	4,555	13,324	227	1,951	173	1,565	1,097	2,752	424	3,084	218	4,970	54	3,146	1,304	22,343	993	10,329	742	2,158	3,033	6,473
2013	성북구	돈암1동	382	122	1,383	618	765	-	-	-	-	13	22	-	-	-	-	12	37	69	140	99	101	28	88	-	-	3	10	30	86	3	9	1	9	1	14	42	643	17	117	8	17	56	90
2013	성북구	돈암2동	363	146	1,716	589	1,127	-	-	-	-	4	6	-	-	-	-	10	23	52	132	77	77	29	55	2	2	6	46	32	107	2	8	1	560	2	58	52	359	21	122	8	42	65	119
2013	성북구	안암동	1,329	434	13,134	7,692	5,442	-	-	-	-	71	282	-	-	-	-	33	140	265	1,313	84	144	438	1,753	27	315	10	69	50	127	42	301	29	195	1	14	49	5,378	34	2,566	64	165	132	372
2013	성북구	보문동	1,239	366	4,121	2,285	1,836	-	-	-	-	159	449	1	1	1	17	30	227	283	864	262	360	162	339	15	79	8	73	55	115	29	124	9	289	5	117	30	317	33	349	20	52	137	349
2013	성북구	정릉1동	787	270	1,937	983	954	-	-	-	-	57	159	-	-	1	5	22	73	134	298	177	193	112	257	3	3	4	27	43	117	7	24	5	15	3	52	62	151	33	373	18	40	106	150
2013	성북구	정릉2동	957	327	2,832	1,555	1,277	-	-	-	-	50	109	-	-	-	-	22	156	175	542	236	420	132	350	5	10	5	56	53	111	6	13	4	26	2	34	60	274	47	420	35	95	125	216
2013	성북구	정릉3동	674	243	4,343	2,487	1,856	-	-	-	-	31	115	-	-	-	-	16	27	122	279	138	380	149	419	5	21	2	15	14	30	12	31	5	80	2	20	40	2,456	18	163	19	44	101	263
2013	성북구	정릉4동	871	288	3,870	2,417	1,453	-	-	-	-	29	117	-	-	-	-	18	138	161	380	222	1,084	135	390	1	3	7	41	42	127	8	13	1	45	2	17	51	868	44	293	24	105	126	249
2013	성북구	길음1동	1,151	491	3,619	1,516	2,103	-	-	-	-	31	95	-	-	-	-	5	10	265	577	192	244	213	598	1	1	12	97	80	241	8	14	9	30	3	58	89	731	89	551	27	66	127	306
2013	성북구	길음2동	1,116	529	4,612	1,978	2,634	-	-	-	-	28	78	-	-	-	-	21	110	328	1,293	91	113	250	936	9	298	10	49	44	152	21	70	12	129	2	20	57	248	47	558	25	140	171	418
2013	성북구	월곡1동	1,192	449	4,899	2,639	2,260	-	-	-	-	175	683	-	-	1	1	39	293	325	1,118	44	71	189	453	7	164	10	156	57	209	15	43	10	238	2	49	64	532	65	450	26	79	163	360
2013	성북구	월곡2동	1,798	568	8,745	4,226	4,519	-	-	-	-	238	1,026	-	-	1	5	30	161	354	939	377	420	297	784	13	38	9	77	60	137	36	1,469	12	104	2	41	62	2,258	66	757	55	191	186	338
2013	성북구	장위1동	1,131	381	2,838	1,356	1,482	-	-	-	-	191	880	-	-	-	-	30	93	237	472	231	272	135	235	-	-	5	47	37	48	4	6	3	10	2	19	37	242	41	220	25	40	153	254
2013	성북구	장위2동	1,663	593	5,078	2,729	2,349	-	-	-	-	351	1,368	-	-	-	-	42	407	393	773	232	433	249	497	14	43	7	54	54	98	16	79	8	296	2	68	49	260	47	385	34	67	165	250
2013	성북구	장위3동	1,212	360	4,452	2,582	1,870	-	-	-	-	198	1,011	-	-	1	26	41	155	288	681	206	989	176	377	3	5	2	16	36	76	10	23	10	41	2	54	41	335	35	284	24	73	139	306
2013	성북구	성북동	1,021	380	5,115	2,482	2,633	-	-	-	-	34	124	-	-	-	-	29	147	224	873	86	112	196	906	48	418	9	123	59	125	37	253	16	463	3	40	76	736	43	247	28	82	133	466
2013	성북구	삼선동	1,866	705	9,510	4,960	4,550	-	-	-	-	87	315	-	-	2	6	34	126	463	1,471	165	203	406	908	22	62	22	159	73	135	75	284	31	1,020	5	1,713	103	1,955	91	592	84	176	203	385
2013	성북구	동선동	1,974	774	10,170	4,497	5,673	-	-	-	-	59	222	-	-	1	3	46	438	429	1,318	108	205	568	2,108	37	454	14	105	89	233	49	203	20	404	2	31	133	2,739	85	741	85	282	249	684
2013	성북구	종암동	2,093	769	7,550	3,905	3,645	-	-	-	-	368	1,083	-	-	-	-	38	468	409	1,024	291	312	318	1,044	10	19	14	220	89	259	24	62	16	113	8	635	123	857	82	822	68	178	235	454
2013	성북구	석관동	2,255	746	8,217	4,834	3,383	-	-	-	-	261	1,102	-	-	6	89	77	414	491	1,519	424	865	373	827	5	16	14	125	100	219	20	55	16	903	3	92	84	1,004	55	319	65	224	261	444
2013	강북구	소계	19,248	6,947	69,468	33,491	35,977	-	-	-	-	1,517	6,211	2	208	7	101	501	1,778	4,074	10,526	3,414	6,490	3,790	10,348	95	1,107	217	4,226	779	1,817	257	1,053	151	2,701	41	2,780	701	5,886	702	6,562	682	1,917	2,318	5,757
2013	강북구	번1동	1,693	637	8,783	3,806	4,977	-	-	-	-	95	304	-	-	2	61	45	196	371	1,336	163	349	374	1,216	11	80	84	1,833	86	239	46	161	30	586	4	411	56	429	63	632	68	333	195	617
2013	강북구	번2동	653	160	3,128	2,001	1,127	-	-	-	-	53	403	1	133	-	-	16	94	100	293	230	585	55	113	3	39	-	-	23	88	7	25	6	261	5	272	12	131	28	416	21	107	93	168
2013	강북구	번3동	831	195	2,556	1,491	1,065	-	-	-	-	36	283	-	-	-	-	13	19	99	291	390	608	75	222	1	4	2	15	26	105	5	20	1	13	2	38	41	272	33	273	22	122	85	271
2013	강북구	수유1동	1,578	595	5,125	2,500	2,625	-	-	-	-	126	456	-	-	-	-	34	96	491	1,066	225	733	278	582	3	3	9	105	50	100	10	40	10	80	3	75	50	697	58	508	49	141	182	443
2013	강북구	수유2동	1,365	494	4,357	2,074	2,283	-	-	-	-	136	575	-	-	2	6	61	340	294	683	210	263	206	487	6	31	7	88	52	98	8	44	9	359	2	66	65	184	54	442	49	81	204	610
2013	강북구	수유3동	2,379	967	8,413	3,779	4,634	-	-	-	-	150	571	-	-	-	-	56	140	550	1,309	160	218	700	2,041	19	112	43	812	96	171	51	178	16	53	4	1,146	48	292	77	508	170	353	239	509
2013	강북구	삼양동	1,228	451	3,331	1,540	1,791	-	-	-	-	150	542	-	-	-	-	28	42	236	565	238	455	161	323	3	7	4	19	55	119	5	8	5	23	1	18	60	458	55	359	37	87	190	306
2013	강북구	미아동	1,967	627	6,580	3,085	3,495	-	-	-	-	125	548	1	75	-	-	42	219	352	921	539	574	363	882	6	40	21	425	86	171	22	74	21	193	3	173	47	776	66	689	52	97	221	723
2013	강북구	송중동	2,009	748	8,463	3,917	4,546	-	-	-	-	149	597	-	-	-	-	48	180	447	1,373	278	317	456	1,912	15	653	19	535	76	161	31	133	26	431	3	176	85	627	71	609	78	212	227	547
2013	강북구	송천동	2,268	874	7,272	3,324	3,948	-	-	-	-	323	1,342	-	-	2	30	72	203	485	1,329	250	291	452	961	14	69	15	261	100	210	48	213	13	38	6	230	73	753	70	554	44	88	301	700
2013	강북구	삼각산동	714	283	2,190	883	1,307	-	-	-	-	18	48	-	-	-	-	5	8	116	277	175	175	115	292	2	3	7	56	45	191	4	8	2	3	2	43	75	524	60	362	16	49	72	151
2013	강북구	우이동	994	388	3,478	2,168	1,310	-	-	-	-	39	113	-	-	-	-	15	62	201	432	177	1,177	331	801	2	5	2	29	29	53	9	23	3	26	2	28	21	108	24	189	38	152	101	280
2013	강북구	인수동	1,569	528	5,792	2,923	2,869	-	-	-	-	117	429	-	-	1	4	66	179	332	651	379	745	224	516	10	61	4	48	55	111	11	126	9	635	4	104	68	635	43	1,021	38	95	208	432
2013	도봉구	소계	17,713	6,052	63,936	34,347	29,589	-	-	-	-	926	3,765	-	-	11	133	426	1,437	3,503	10,916	4,379	10,143	2,707	7,091	63	296	119	1,142	787	2,960	295	1,418	144	1,251	36	3,240	975	7,358	739	6,685	552	1,549	2,051	4,552
2013	도봉구	쌍문1동	911	296	3,803	1,948	1,855	-	-	-	-	46	148	-	-	-	-	21	31	162	478	283	724	134	336	3	8	3	24	32	96	6	11	6	13	2	46	53	1,177	37	489	21	68	102	154
2013	도봉구	쌍문2동	1,227	455	4,299	2,326	1,973	-	-	-	-	71	288	-	-	2	27	45	176	276	749	224	661	174	469	5	17	5	104	48	147	20	52	10	26	2	44	69	424	62	596	42	100	172	419
2013	도봉구	쌍문3동	897	329	3,182	1,552	1,630	-	-	-	-	47	268	-	-	1	20	23	143	242	620	147	171	145	417	4	15	3	24	45	89	8	92	10	45	1	15	41	150	32	871	22	46	126	196
2013	도봉구	쌍문4동	594	230	1,933	867	1,066	-	-	-	-	6	14	-	-	-	-	10	19	96	240	180	185	53	171	-	-	2	27	26	102	3	6	-	-	1	16	97	833	27	127	15	43	78	150
2013	도봉구	방학1동	2,278	912	9,931	5,618	4,313	-	-	-	-	107	413	-	-	1	4	51	175	500	1,850	311	1,508	505	1,228	8	36	18	214	115	309	40	259	21	88	8	1,369	105	530	99	912	112	234	277	802
2013	도봉구	방학2동	1,289	462	2,837	1,359	1,478	-	-	-	-	155	545	-	-	1	1	37	106	303	616	283	296	171	308	2	5	1	20	32	39	4	6	8	20	1	18	51	252	36	283	29	46	175	276
2013	도봉구	방학3동	888	258	3,161	1,688	1,473	-	-	-	-	12	34	-	-	-	-	11	72	105	332	363	765	93	295	-	-	4	41	44	206	3	13	1	8	2	50	79	544	60	538	23	72	88	191
2013	도봉구	창1동	1,078	386	3,390	1,482	1,908	-	-	-	-	31	125	-	-	1	4	32	98	203	761	295	322	141	423	2	88	9	62	68	221	9	26	11	41	3	51	51	437	58	385	34	101	130	245
2013	도봉구	창2동	1,331	438	4,447	2,311	2,136	-	-	-	-	156	956	-	-	2	3	31	69	282	774	298	719	157	370	3	6	3	26	56	170	4	14	9	54	2	49	64	291	57	505	37	80	170	361
2013	도봉구	창3동	964	346	1,939	883	1,056	-	-	-	-	65	191	-	-	-	-	25	41	220	429	242	248	165	316	2	2	2	9	35	58	3	6	-	-	1	18	30	201	35	209	26	39	113	172
2013	도봉구	창4동	1,140	382	6,738	3,738	3,000	-	-	-	-	17	50	-	-	1	11	25	145	230	1,365	197	779	197	671	13	34	33	331	70	423	54	346	17	256	4	699	94	843	52	267	41	323	95	195
2013	도봉구	창5동	2,062	477	6,654	3,623	3,031	-	-	-	-	38	123	-	-	-	-	30	133	256	1,025	929	1,271	219	905	11	34	17	115	79	293	28	110	15	107	3	126	136	844	75	782	57	161	169	625
2013	도봉구	도봉1동	1,660	602	5,496	3,313	2,183	-	-	-	-	124	468	-	-	2	63	40	92	404	1,036	270	1,351	339	751	6	38	10	63	67	141	24	94	11	50	2	47	46	429	52	383	57	126	206	364
2013	도봉구	도봉2동	1,394	479	6,126	3,639	2,487	-	-	-	-	51	142	-	-	-	-	45	137	224	641	357	1,143	214	431	4	13	9	82	70	666	89	383	25	543	4	692	59	403	57	338	36	110	150	402
2013	노원구	소계	25,173	8,573	104,525	51,703	52,822	1	3	-	-	763	3,594	4	238	11	99	477	1,718	4,599	13,851	6,539	12,270	3,949	12,752	125	1,184	243	4,294	1,193	4,542	326	2,082	203	2,558	41	2,607	1,810	19,966	1,382	13,864	856	2,458	2,651	6,445
2013	노원구	월계1동	1,379	468	5,506	3,499	2,007	-	-	-	-	63	359	-	-	-	-	23	90	236	578	304	1,061	318	842	9	32	6	49	61	168	11	128	13	91	1	11	57	1,265	61	360	76	155	140	317
2013	노원구	월계2동	1,047	265	3,592	2,033	1,559	-	-	-	-	43	256	-	-	-	-	15	53	138	310	452	718	115	304	9	20	1	12	36	152	7	20	6	41	2	46	56	1,190	41	233	23	61	103	176
2013	노원구	월계3동	950	287	3,746	1,991	1,755	-	-	-	-	10	33	-	-	-	-	11	63	131	809	431	1,032	86	247	4	20	4	31	54	302	10	71	3	29	2	78	44	452	72	381	13	45	75	153
2013	노원구	공릉2동	1,813	601	10,912	5,414	5,498	1	3	-	-	48	436	-	-	1	2	31	268	258	691	512	700	336	942	17	113	10	74	95	315	32	293	18	50	2	20	123	4,678	78	1,649	75	273	176	405
2013	노원구	하계1동	914	308	6,791	3,550	3,241	-	-	-	-	39	388	-	-	-	-	20	85	184	823	171	593	154	636	3	8	6	53	44	176	17	113	4	248	5	699	82	1,129	46	1,377	25	119	114	344
2013	노원구	하계2동	380	120	1,064	458	606	-	-	-	-	4	7	-	-	-	-	4	6	49	104	150	151	34	67	-	-	2	19	24	108	3	4	-	-	1	15	32	308	29	174	5	9	43	92
2013	노원구	중계본동	1,158	407	5,241	2,598	2,643	-	-	-	-	43	201	-	-	-	-	15	51	183	599	210	335	169	600	5	254	4	45	61	290	7	16	7	337	1	18	239	1,720	51	289	49	178	114	308
2013	노원구	중계1동	910	346	4,012	1,791	2,221	-	-	-	-	7	14	-	-	-	-	14	32	133	607	188	190	105	479	-	-	7	69	74	305	7	20	4	7	2	53	196	1,584	55	293	24	132	94	227
2013	노원구	중계4동	1,002	412	3,711	1,671	2,040	-	-	-	-	18	68	-	-	1	10	19	76	191	485	197	208	210	654	1	3	6	61	47	215	10	36	4	12	1	19	73	857	57	593	62	168	105	246
2013	노원구	상계1동	2,827	652	7,954	4,658	3,296	-	-	-	-	55	249	-	-	1	9	47	175	345	1,344	1,373	2,026	331	1,052	7	41	6	81	97	326	28	226	18	120	3	72	127	722	97	707	75	170	217	634
2013	노원구	상계2동	2,176	887	8,370	3,754	4,616	-	-	-	-	71	236	-	-	3	14	41	87	550	1,754	193	403	562	2,203	16	145	16	163	86	247	22	94	20	214	2	56	109	626	98	1,069	122	297	265	762
2013	노원구	상계5동	1,349	535	3,319	1,582	1,737	-	-	-	-	68	176	-	-	2	7	32	76	291	635	209	258	217	483	3	9	6	48	65	157	20	50	15	143	1	17	105	322	53	365	58	114	204	459
2013	노원구	상계8동	600	240	1,885	782	1,103	-	-	-	-	6	9	-	-	-	-	9	16	97	263	181	181	57	161	2	4	5	51	27	159	3	7	1	1	1	14	61	509	82	373	14	45	54	92
2013	노원구	상계9동	730	263	2,360	1,066	1,294	-	-	-	-	4	8	-	-	-	-	12	28	111	258	286	296	59	206	-	-	4	44	34	159	1	1	1	5	2	51	78	878	63	304	15	24	60	98
2013	노원구	상계10동	484	153	2,139	1,249	890	-	-	-	-	3	4	-	-	1	27	10	26	63	182	169	715	31	101	3	14	5	17	24	132	8	20	11	77	2	73	48	425	35	160	15	33	56	133
2013	노원구	상계3.4동	1,699	596	4,773	2,811	1,962	-	-	-	-	101	279	-	-	-	-	49	156	365	731	383	1,341	261	440	2	14	4	24	72	179	17	26	16	120	3	56	61	310	60	396	47	84	258	617
2013	노원구	상계6.7동	1,939	665	14,042	5,560	8,482	-	-	-	-	22	45	4	238	-	-	29	105	317	1,032	274	305	326	1,372	17	137	128	3,190	141	579	40	130	29	329	5	1,128	167	1,418	212	3,424	59	223	169	387
2013	노원구	중계2.3동	1,233	524	4,835	1,962	2,873	-	-	-	-	18	63	-	-	-	-	7	16	381	1,082	336	348	157	795	7	182	2	30	48	280	10	19	3	53	2	76	57	925	82	601	19	132	104	233
2013	노원구	공릉1동	2,583	844	10,273	5,274	4,999	-	-	-	-	140	763	-	-	2	30	89	309	576	1,564	520	1,409	421	1,168	20	188	21	233	103	293	73	808	30	681	3	105	95	648	110	1,116	80	196	300	762
2013	은평구	소계	23,953	9,017	83,203	40,727	42,476	-	-	-	-	890	3,086	3	151	18	300	624	3,856	5,326	15,538	4,936	8,564	4,079	11,093	118	902	182	2,794	1,152	2,362	305	1,740	145	1,748	51	3,096	1,402	9,994	1,026	9,653	752	1,963	2,944	6,363
2013	은평구	녹번동	1,564	557	8,097	4,302	3,795	-	-	-	-	88	398	2	143	-	-	73	468	295	1,036	206	243	270	807	20	242	8	49	91	177	64	336	20	505	7	1,403	79	570	60	991	52	136	229	593
2013	은평구	불광1동	1,672	680	6,914	2,772	4,142	-	-	-	-	43	113	-	-	2	9	30	60	358	1,088	260	285	313	987	7	50	41	1,083	110	320	18	652	14	57	3	334	93	521	95	581	57	193	228	581
2013	은평구	갈현1동	1,461	572	5,136	2,165	2,971	-	-	-	-	56	159	-	-	2	99	28	70	308	959	178	334	371	1,141	9	15	27	627	58	111	12	44	12	71	3	79	74	331	66	612	88	161	169	323
2013	은평구	갈현2동	1,561	663	5,495	2,278	3,217	-	-	-	-	66	194	-	-	-	-	33	148	382	1,095	206	207	332	1,053	6	18	7	60	53	99	18	44	4	167	2	39	150	1,360	55	466	64	142	183	403
2013	은평구	구산동	1,181	366	5,389	2,672	2,717	-	-	-	-	42	167	-	-	-	-	29	268	200	479	374	799	113	281	2	5	4	20	51	110	8	60	6	312	2	22	105	1,098	61	1,333	19	55	165	380
2013	은평구	대조동	2,566	1,181	7,174	3,005	4,169	-	-	-	-	90	220	-	-	1	1	66	131	858	2,274	225	263	529	1,516	19	133	19	221	117	216	29	69	15	48	2	58	105	498	125	683	80	227	286	616
2013	은평구	응암1동	1,615	638	7,074	3,588	3,486	-	-	-	-	67	238	-	-	3	19	54	1,248	367	1,497	258	265	274	843	11	40	12	111	88	159	54	201	16	95	4	148	104	703	77	904	46	117	180	486
2013	은평구	응암2동	944	296	2,214	1,165	1,049	-	-	-	-	36	109	-	-	1	3	18	34	168	361	337	376	102	255	2	6	5	52	51	92	8	19	2	2	2	54	38	159	35	421	20	102	119	169
2013	은평구	신사1동	1,559	445	3,927	2,347	1,580	-	-	-	-	46	168	-	-	1	2	30	211	238	639	655	963	167	447	5	16	6	57	56	76	17	69	9	29	2	33	76	536	49	306	41	85	161	290
2013	은평구	신사2동	1,216	260	2,933	1,800	1,133	-	-	-	-	26	68	-	-	1	41	26	92	164	356	616	927	78	157	5	17	2	7	39	65	4	7	5	15	3	84	86	651	36	210	9	14	116	222
2013	은평구	증산동	1,108	381	3,825	2,351	1,474	-	-	-	-	40	186	-	-	1	16	48	385	254	727	258	955	169	405	5	34	3	35	51	95	11	60	4	18	2	26	46	325	40	212	37	111	139	235
2013	은평구	수색동	848	291	3,003	1,902	1,101	-	-	-	-	48	132	1	8	1	9	17	47	219	724	170	935	164	367	3	33	6	54	33	80	7	27	4	14	4	50	26	150	25	157	25	44	95	172
2013	은평구	진관동	1,007	447	5,234	2,679	2,555	-	-	-	-	3	7	-	-	2	78	2	27	195	557	195	905	171	515	2	199	13	106	102	288	6	23	3	7	5	274	109	1,156	67	679	11	151	121	262
2013	은평구	불광2동	1,295	564	4,088	1,857	2,231	-	-	-	-	43	141	-	-	1	2	25	63	357	835	224	228	229	504	3	30	11	159	62	113	9	21	6	65	4	348	67	676	51	461	30	62	173	380
2013	은평구	응암3동	1,909	749	5,272	2,410	2,862	-	-	-	-	79	360	-	-	-	-	34	175	448	1,146	338	373	421	946	2	4	7	79	63	128	12	31	10	52	2	43	90	632	75	565	91	185	237	553
2013	은평구	역촌동	2,447	927	7,428	3,434	3,994	-	-	-	-	117	426	-	-	2	21	111	429	515	1,765	436	506	376	869	17	60	11	74	127	233	28	77	15	291	4	101	154	628	109	1,072	82	178	343	698
2013	서대문구	소계	19,211	7,046	98,666	50,628	48,038	3	11	-	-	699	2,493	3	480	12	139	451	3,271	4,226	13,649	2,936	5,332	4,196	13,660	329	2,912	225	5,379	845	2,480	437	4,584	322	4,977	44	4,683	1,023	14,852	692	12,972	555	1,650	2,213	5,142
2013	서대문구	천연동	809	317	2,475	1,140	1,335	-	-	-	-	45	104	-	-	-	-	17	39	178	389	87	122	145	341	10	24	4	26	46	116	13	22	12	165	4	93	57	405	48	366	26	74	117	189
2013	서대문구	홍제1동	1,132	444	4,016	1,944	2,072	-	-	-	-	44	143	-	-	-	-	43	477	231	712	185	259	189	464	7	23	9	131	64	268	22	56	9	22	2	46	87	647	63	414	25	60	152	294
2013	서대문구	홍제3동	1,271	518	3,848	1,807	2,041	-	-	-	-	54	134	-	-	-	-	24	61	401	763	171	194	207	520	18	70	8	77	42	130	12	32	6	209	2	159	77	504	57	541	38	72	154	382
2013	서대문구	홍제2동	592	264	1,666	862	804	-	-	-	-	18	90	1	182	-	-	10	42	115	247	70	83	91	206	4	7	5	38	41	128	18	64	4	7	2	14	53	115	34	231	21	44	105	168
2013	서대문구	홍은1동	1,029	353	2,398	1,187	1,211	-	-	-	-	30	44	1	48	2	3	21	30	266	470	198	269	148	279	22	55	5	29	47	116	9	30	10	15	3	77	66	244	39	383	24	89	138	217
2013	서대문구	홍은2동	1,148	389	5,636	3,021	2,615	-	-	-	-	55	196	-	-	1	19	33	181	200	681	244	661	217	979	13	20	3	27	48	192	14	24	9	52	2	28	90	1,655	44	492	35	74	140	355
2013	서대문구	남가좌1동	640	322	1,253	509	744	-	-	-	-	33	52	-	-	-	-	2	3	276	408	26	35	175	295	1	2	6	45	16	31	4	19	6	35	1	10	5	11	30	171	18	55	41	81
2013	서대문구	남가좌2동	1,554	585	4,268	2,217	2,051	-	-	-	-	71	219	-	-	2	46	57	179	341	699	235	242	303	746	10	98	11	80	62	107	19	35	18	98	2	54	78	819	55	294	60	136	230	416
2013	서대문구	북가좌1동	504	138	2,025	1,322	703	-	-	-	-	13	69	-	-	-	-	24	73	98	340	192	771	36	100	4	34	6	15	30	98	1	2	5	38	1	13	22	221	19	152	3	5	50	94
2013	서대문구	북가좌2동	2,261	619	6,294	3,777	2,517	-	-	-	-	83	439	-	-	4	22	55	179	273	835	997	1,489	250	573	20	75	10	81	91	214	23	45	16	1,122	4	87	114	300	66	336	51	116	204	381
2013	서대문구	충현동	1,709	549	21,801	12,687	9,114	1	1	-	-	40	163	1	250	2	44	41	805	301	3,055	130	382	395	1,151	89	1,735	95	4,223	64	235	119	2,203	99	2,161	9	2,608	70	1,548	44	479	39	242	170	516
2013	서대문구	북아현동	699	245	1,862	967	895	2	10	-	-	83	297	-	-	-	-	12	21	210	330	74	80	88	215	2	2	4	31	55	90	11	44	10	36	2	45	28	290	28	204	15	24	75	143
2013	서대문구	신촌동	3,725	1,538	30,866	13,401	17,465	-	-	-	-	34	191	-	-	-	-	22	83	825	2,981	54	193	1,556	6,538	82	513	40	374	140	446	104	1,594	72	732	5	284	169	6,935	102	8,129	148	448	372	1,425
2013	서대문구	연희동	2,138	765	10,258	5,787	4,471	-	-	-	-	96	352	-	-	1	5	90	1,098	511	1,739	273	552	396	1,253	47	254	19	202	99	309	68	414	46	285	5	1,165	107	1,158	63	780	52	211	265	481
2013	마포구	소계	32,793	10,610	214,621	120,386	94,235	-	-	1	1	1,306	5,453	6	419	27	266	972	10,977	7,433	29,859	3,134	11,442	6,612	23,362	2,076	30,167	491	13,304	1,544	5,546	2,079	19,836	909	24,060	61	4,224	1,400	14,959	981	7,355	848	3,682	2,913	9,709
2013	마포구	용강동	2,390	689	15,534	9,221	6,313	-	-	1	1	54	168	1	84	2	4	67	1,112	615	3,306	141	1,045	375	1,535	177	1,503	58	1,093	139	802	192	1,174	124	1,428	6	293	108	825	41	197	64	170	225	794
2013	마포구	대흥동	1,628	551	10,395	5,257	5,138	-	-	-	-	70	247	-	-	1	3	28	112	318	1,102	124	344	405	1,119	32	211	44	830	99	322	62	387	28	1,205	2	17	100	3,075	88	486	53	381	174	554
2013	마포구	염리동	787	284	4,964	2,812	2,152	-	-	-	-	55	219	-	-	-	-	18	55	165	410	92	342	118	319	32	382	9	1,514	48	170	21	112	14	228	3	38	57	621	22	146	16	41	117	367
2013	마포구	신수동	1,382	344	5,800	2,931	2,869	-	-	-	-	55	262	-	-	1	7	39	312	245	817	440	830	164	407	59	275	9	131	64	136	79	332	14	148	4	348	53	389	32	427	15	55	109	924
2013	마포구	서교동	8,274	2,736	52,524	26,876	25,648	-	-	-	-	181	1,048	-	-	1	1	185	2,625	1,839	8,033	312	1,624	2,339	10,101	717	6,960	150	3,665	254	790	690	4,208	280	6,335	7	158	319	1,842	187	1,720	267	1,243	546	2,171
2013	마포구	합정동	1,843	569	9,941	5,523	4,418	-	-	-	-	88	371	-	-	4	46	108	991	393	1,651	186	809	351	1,005	164	1,462	26	1,057	69	194	137	758	32	297	2	19	46	324	32	257	49	141	156	559
2013	마포구	망원1동	1,380	466	4,690	2,343	2,347	-	-	-	-	68	186	-	-	1	2	48	341	351	781	210	259	236	610	27	226	6	63	65	117	34	101	11	992	3	81	47	161	57	346	46	120	170	304
2013	마포구	망원2동	1,246	468	3,392	1,960	1,432	-	-	-	-	64	169	-	-	2	9	57	218	308	682	188	536	195	394	26	106	5	52	65	133	30	140	12	98	2	16	74	330	38	218	38	85	142	206
2013	마포구	연남동	1,220	387	5,242	3,087	2,155	-	-	-	-	56	276	-	-	1	1	55	746	278	1,012	123	286	238	614	86	433	2	12	39	120	82	359	44	565	2	43	39	335	25	145	28	49	122	246
2013	마포구	성산1동	1,600	456	9,378	5,702	3,676	-	-	-	-	99	364	-	-	3	82	119	995	372	1,481	188	565	166	506	135	644	7	78	64	129	127	550	42	2,569	3	150	60	575	35	182	39	118	141	390
2013	마포구	성산2동	1,675	574	8,434	4,502	3,932	-	-	-	-	40	91	-	-	3	10	37	107	531	1,459	275	636	202	584	20	278	6	45	87	430	39	193	23	79	5	1,515	105	947	72	766	39	402	191	892
2013	마포구	상암동	1,761	593	28,598	18,458	10,140	-	-	-	-	40	392	2	69	2	81	25	421	256	2,572	176	1,898	460	1,784	245	12,585	22	912	94	704	105	3,955	21	270	4	131	80	1,385	75	528	36	214	118	697
2013	마포구	도화동	1,855	586	14,318	8,139	6,179	-	-	-	-	45	235	-	-	1	4	49	760	483	1,783	170	836	313	1,331	118	1,435	50	921	85	468	108	962	74	4,155	3	191	74	306	77	396	41	92	164	443
2013	마포구	서강동	1,395	463	10,170	5,459	4,711	-	-	-	-	32	72	3	266	2	4	32	491	276	1,105	115	446	351	971	78	955	10	234	94	186	88	1,316	26	802	2	66	96	2,426	44	505	36	116	110	209
2013	마포구	공덕동	2,622	850	18,749	10,575	8,174	-	-	-	-	251	1,026	-	-	1	1	61	1,376	550	1,948	253	609	436	1,253	92	1,895	51	2,096	156	378	162	1,700	82	3,668	10	743	78	425	100	680	60	344	279	607
2013	마포구	아현동	1,735	594	12,492	7,541	4,951	-	-	-	-	108	327	-	-	2	11	44	315	453	1,717	141	377	263	829	68	817	36	601	122	467	123	3,589	82	1,221	3	415	64	993	56	356	21	111	149	346
2013	양천구	소계	25,720	9,167	109,999	60,086	49,913	-	-	-	-	1,188	5,369	5	391	26	407	789	7,785	5,487	16,718	5,044	12,425	3,602	11,824	256	4,294	202	2,473	1,222	3,676	637	3,321	221	3,161	48	4,671	2,215	13,971	1,070	10,337	824	2,636	2,884	6,540
2013	양천구	목1동	2,617	1,003	22,037	12,656	9,381	-	-	-	-	24	68	-	-	6	38	53	3,580	805	3,566	96	347	510	2,927	123	3,218	65	1,101	117	652	118	734	51	1,362	5	542	236	1,599	110	923	89	442	209	938
2013	양천구	목2동	1,156	439	3,604	1,885	1,719	-	-	-	-	29	110	-	-	-	-	55	286	250	657	187	267	171	431	4	161	6	70	83	167	22	76	10	38	1	17	83	344	55	412	52	191	148	377
2013	양천구	목3동	1,227	533	3,917	1,758	2,159	-	-	-	-	43	161	-	-	1	12	35	247	304	773	144	187	204	498	9	34	10	88	57	88	28	174	13	411	2	66	67	312	74	365	53	116	183	385
2013	양천구	목4동	1,373	584	3,666	1,764	1,902	-	-	-	-	56	158	-	-	2	64	42	100	313	748	162	230	243	576	5	20	4	43	66	111	19	42	4	14	1	16	141	761	67	334	49	95	199	354
2013	양천구	신월1동	1,779	634	5,028	2,836	2,192	-	-	-	-	205	1,001	-	-	1	51	71	268	452	1,064	304	635	255	547	7	19	6	65	63	128	16	139	9	38	2	55	47	180	54	402	55	100	232	336
2013	양천구	신월2동	1,101	315	3,715	2,111	1,604	-	-	-	-	92	424	1	9	3	29	65	317	205	598	297	630	106	288	4	22	3	31	53	145	13	64	8	95	1	23	64	492	38	239	26	59	122	250
2013	양천구	신월3동	1,005	297	4,187	2,580	1,607	-	-	-	-	85	655	-	-	-	-	42	210	278	862	265	939	110	293	3	10	9	32	20	35	5	59	6	21	2	48	31	602	34	210	16	43	99	168
2013	양천구	신월4동	1,150	378	3,786	2,310	1,476	-	-	-	-	48	286	-	-	-	-	44	372	205	491	351	1,015	171	452	1	1	5	31	44	77	8	23	5	26	1	21	55	240	42	399	31	53	139	299
2013	양천구	신월5동	951	333	3,393	1,697	1,696	-	-	-	-	88	404	-	-	-	-	47	160	211	680	189	394	145	368	1	10	4	24	27	38	5	21	4	16	3	134	46	386	26	331	38	98	117	329
2013	양천구	신월6동	1,638	260	3,473	2,353	1,120	-	-	-	-	47	164	-	-	1	32	23	242	167	423	1,092	1,357	96	238	2	20	4	41	30	68	7	37	11	119	1	15	17	249	28	258	19	41	93	169
2013	양천구	신월7동	1,367	417	5,355	3,472	1,883	-	-	-	-	109	541	-	-	3	23	38	135	243	607	419	1,614	170	352	5	7	3	33	50	108	9	13	5	11	4	655	60	382	54	463	48	195	147	216
2013	양천구	신정1동	1,054	475	4,451	2,205	2,246	-	-	-	-	34	105	-	-	-	-	22	232	207	592	55	70	213	579	13	32	9	74	57	231	60	229	9	56	4	871	124	663	57	316	41	85	149	316
2013	양천구	신정2동	1,103	452	3,708	1,672	2,036	-	-	-	-	31	79	-	-	1	1	26	105	236	643	111	145	155	589	3	7	3	27	71	251	33	109	10	52	1	17	180	1,001	51	304	43	116	148	262
2013	양천구	신정3동	1,991	629	7,934	4,610	3,324	-	-	-	-	56	376	1	6	-	-	42	256	318	818	747	2,431	204	594	10	168	8	72	100	246	14	120	13	111	4	115	117	1,042	108	934	54	170	195	475
2013	양천구	신정6동	693	278	5,130	2,616	2,514	-	-	-	-	4	9	2	233	-	-	17	49	112	377	50	51	67	219	5	21	10	123	60	160	34	159	11	134	8	1,817	204	1,153	30	360	13	79	66	186
2013	양천구	신정7동	1,016	359	4,365	2,501	1,864	-	-	-	-	63	182	-	-	1	4	19	105	177	550	212	980	127	464	4	45	7	69	57	250	11	24	2	4	3	95	114	802	60	368	44	126	115	297
2013	양천구	목5동	1,489	666	9,703	4,239	5,464	-	-	-	-	13	38	1	143	1	56	33	402	288	862	39	46	176	958	20	349	21	321	129	626	16	194	12	100	3	91	480	2,725	59	2,053	42	368	156	371
2013	양천구	신정4동	3,010	1,115	12,547	6,821	5,726	-	-	-	-	161	608	-	-	6	97	115	719	716	2,407	324	1,087	479	1,451	37	150	25	228	138	295	219	1,104	38	553	2	73	149	1,038	123	1,666	111	259	367	812
2013	강서구	소계	32,021	10,914	178,281	97,986	80,295	-	-	1	7	1,150	6,172	4	657	42	619	972	9,465	7,770	29,710	6,598	45,176	4,854	16,207	418	6,019	287	4,204	1,560	5,361	609	4,507	350	10,901	59	3,180	1,547	11,493	1,217	12,168	1,058	2,910	3,525	9,525
2013	강서구	염창동	2,157	701	15,145	9,222	5,923	-	-	-	-	104	594	1	578	5	54	98	1,303	469	2,720	329	1,660	270	1,154	81	1,895	21	205	149	851	67	826	20	204	2	58	170	900	79	875	71	174	221	1,094
2013	강서구	등촌1동	1,742	568	10,265	5,964	4,301	-	-	-	-	91	841	-	-	3	28	69	388	449	1,906	221	1,176	268	859	69	835	16	275	117	365	68	566	32	809	5	208	52	290	56	721	50	167	176	831
2013	강서구	등촌2동	712	240	3,351	1,921	1,430	-	-	-	-	32	145	-	-	-	-	14	50	146	588	143	369	111	403	3	44	3	28	40	100	12	87	7	47	4	146	53	695	25	255	23	99	96	295
2013	강서구	등촌3동	2,296	755	19,501	9,766	9,735	-	-	-	-	44	312	-	-	1	2	72	920	588	3,102	398	1,208	316	1,717	40	598	54	707	117	569	69	470	57	5,636	2	78	161	1,647	106	1,618	71	310	200	607
2013	강서구	화곡본동	1,368	533	3,954	1,732	2,222	-	-	-	-	37	175	-	-	-	-	25	66	291	759	277	308	272	735	4	14	6	60	59	153	18	74	7	36	3	48	89	456	79	704	39	89	162	277
2013	강서구	화곡2동	842	308	2,340	1,177	1,163	-	-	-	-	34	156	-	-	-	-	23	118	309	867	161	167	62	118	3	13	-	-	28	45	6	14	1	3	1	15	58	346	30	199	17	49	109	230
2013	강서구	화곡3동	1,177	478	3,975	1,542	2,433	-	-	-	-	46	235	-	-	1	1	33	79	233	591	174	189	210	577	11	33	22	446	63	191	18	53	12	330	2	41	90	357	59	432	56	101	147	319
2013	강서구	화곡4동	1,445	567	3,549	1,772	1,777	-	-	-	-	71	206	-	-	1	10	38	114	443	924	211	292	248	541	8	25	7	67	46	69	8	16	6	15	2	66	53	392	47	374	64	131	192	307
2013	강서구	화곡6동	1,831	671	11,125	6,069	5,056	-	-	-	-	50	215	-	-	3	11	65	615	335	1,904	175	900	504	1,687	31	422	48	940	85	255	97	448	31	472	7	1,269	46	489	66	757	95	228	193	513
2013	강서구	화곡8동	1,214	493	3,156	1,586	1,570	-	-	-	-	27	50	-	-	-	-	22	89	318	927	212	227	189	398	5	137	7	54	78	105	8	60	9	231	1	15	43	107	71	427	42	86	182	243
2013	강서구	가양1동	1,225	332	9,936	6,648	3,288	-	-	-	-	66	470	-	-	7	291	43	2,138	295	2,017	254	1,409	147	514	46	662	11	175	71	293	21	372	9	310	2	26	53	455	39	214	36	132	125	458
2013	강서구	가양2동	651	223	3,293	1,671	1,622	-	-	1	7	14	124	-	-	-	-	14	64	161	706	127	148	76	249	8	25	5	48	45	224	17	56	8	286	1	16	19	336	49	665	23	94	83	245
2013	강서구	가양3동	861	178	6,785	4,285	2,500	-	-	-	-	63	656	-	-	1	3	28	408	198	1,600	250	765	46	217	41	717	1	4	39	218	51	526	15	411	3	465	37	328	26	238	7	37	55	192
2013	강서구	발산1동	2,147	715	10,930	6,219	4,711	-	-	-	-	58	273	-	-	4	50	35	297	840	2,749	316	1,874	245	982	3	18	23	378	87	262	21	87	16	252	4	138	164	1,745	87	981	48	242	196	602
2013	강서구	공항동	1,822	596	33,019	17,128	15,891	-	-	-	-	62	355	-	-	5	68	84	821	503	1,812	405	26,109	323	1,234	15	60	9	123	52	148	22	83	18	426	8	264	37	327	35	504	53	163	191	522
2013	강서구	방화1동	1,957	719	7,140	3,605	3,535	-	-	-	-	59	372	-	-	1	3	46	280	468	1,196	405	1,282	304	771	8	53	9	82	102	318	16	39	18	701	1	16	89	637	82	639	63	127	286	624
2013	강서구	방화2동	3,160	829	12,658	8,202	4,456	-	-	-	-	62	215	-	-	6	62	71	560	689	2,559	1,460	4,832	328	1,429	6	285	9	69	73	213	19	213	24	376	4	152	57	398	53	564	65	159	234	572
2013	강서구	방화3동	853	236	3,824	2,386	1,438	-	-	-	-	7	17	1	5	3	35	22	80	112	261	349	1,303	92	229	3	8	5	79	56	308	13	262	11	170	3	68	41	422	26	203	19	94	90	280
2013	강서구	화곡1동	2,987	1,150	8,395	4,296	4,099	-	-	-	-	182	615	1	1	-	-	130	707	605	1,540	447	520	642	1,802	20	104	10	81	141	263	31	98	25	66	3	75	85	490	118	945	165	310	382	778
2013	강서구	우장산동	1,574	622	5,940	2,795	3,145	-	-	-	-	41	146	1	73	1	1	40	368	318	982	284	438	201	591	13	71	21	383	112	411	27	157	24	120	1	16	150	676	84	853	51	118	205	536
2013	구로구	소계	35,352	10,110	193,660	114,036	79,624	-	-	-	-	3,633	19,330	5	102	22	200	905	8,151	11,343	35,762	4,413	8,623	4,493	13,672	1,746	29,798	353	7,041	1,209	4,507	1,221	14,336	501	18,971	42	3,710	1,096	9,566	942	9,948	828	2,076	2,600	7,867
2013	구로구	신도림동	2,569	725	13,854	7,452	6,402	-	-	-	-	727	1,684	-	-	2	8	44	1,339	626	2,843	192	338	300	1,805	49	522	40	819	94	325	65	641	26	1,483	2	43	128	996	76	468	49	166	149	374
2013	구로구	구로1동	675	236	2,971	1,517	1,454	-	-	-	-	38	159	-	-	1	2	12	46	113	350	165	385	73	223	15	38	3	29	47	211	12	42	9	636	2	46	52	405	32	151	20	64	81	184
2013	구로구	구로3동	5,737	1,153	78,879	50,506	28,373	-	-	-	-	788	10,316	-	-	4	60	118	2,538	1,053	7,784	149	787	709	3,211	1,374	27,360	104	2,595	194	1,254	607	10,379	143	8,021	6	286	124	1,602	88	859	91	313	185	1,514
2013	구로구	구로4동	2,011	906	5,476	2,483	2,993	-	-	-	-	68	140	2	10	2	22	40	107	585	1,309	168	227	417	840	29	118	20	102	95	255	53	191	59	473	2	70	80	350	101	677	72	152	218	433
2013	구로구	구로5동	4,619	1,255	24,401	12,768	11,633	-	-	-	-	113	700	-	-	1	2	112	1,528	1,384	3,890	1,378	2,467	528	1,934	148	1,065	69	2,551	147	756	162	1,327	71	4,488	5	140	92	706	81	1,148	93	295	235	1,404
2013	구로구	고척1동	2,456	636	7,829	4,694	3,135	-	-	-	-	533	1,148	2	89	3	14	117	460	769	1,771	257	449	280	802	10	30	10	163	63	245	29	165	10	42	3	192	61	990	50	724	72	177	187	368
2013	구로구	고척2동	1,155	515	3,432	1,624	1,808	-	-	-	-	118	361	1	3	-	-	39	152	336	721	9	30	182	395	5	10	4	36	63	204	8	89	8	35	3	90	81	477	62	342	40	121	196	366
2013	구로구	개봉2동	1,170	421	2,703	1,317	1,386	-	-	-	-	27	57	-	-	2	30	27	75	218	509	285	350	171	314	5	14	11	78	58	149	8	18	10	54	2	66	76	227	76	439	39	56	155	267
2013	구로구	개봉3동	1,002	374	3,803	2,174	1,629	-	-	-	-	39	99	-	-	-	-	33	94	210	563	221	265	151	286	3	225	4	36	44	90	8	23	7	1,066	1	15	61	443	37	277	34	76	149	245
2013	구로구	오류1동	1,080	414	4,353	2,114	2,239	-	-	-	-	34	159	-	-	1	1	27	85	271	717	151	191	210	598	20	101	9	94	56	187	21	70	20	926	2	74	36	268	60	396	44	116	118	370
2013	구로구	오류2동	1,406	439	6,306	4,013	2,293	-	-	-	-	69	335	-	-	1	11	36	170	289	901	389	1,151	170	418	6	19	7	60	67	194	17	69	11	57	4	841	106	1,102	70	626	31	54	133	298
2013	구로구	수궁동	1,091	316	5,602	3,667	1,935	-	-	-	-	122	1,406	-	-	-	-	34	272	187	778	293	860	147	347	5	41	7	46	40	84	5	51	5	12	4	184	48	871	35	332	32	63	127	255
2013	구로구	가리봉동	1,032	455	2,877	1,238	1,639	-	-	-	-	56	119	-	-	-	-	30	181	278	506	83	100	282	550	8	28	10	48	25	32	18	36	34	261	-	-	19	116	22	490	64	115	103	295
2013	구로구	구로2동	7,577	1,629	25,793	15,750	10,043	-	-	-	-	786	2,162	-	-	3	18	182	871	4,603	12,016	334	538	604	1,302	62	198	47	300	154	357	186	1,148	73	1,389	4	1,644	51	442	83	2,354	85	184	320	870
2013	구로구	개봉1동	1,772	636	5,381	2,719	2,662	-	-	-	-	115	485	-	-	2	32	54	233	421	1,104	339	485	269	647	7	29	8	84	62	164	22	87	15	28	2	19	81	571	69	665	62	124	244	624
2013	금천구	소계	28,406	7,610	203,455	128,225	75,230	1	3	2	2	4,774	44,411	3	12	24	262	1,000	8,831	7,894	34,313	2,715	8,578	3,347	10,252	1,936	31,895	171	2,106	819	2,537	1,514	26,109	403	14,999	32	1,820	606	5,176	615	5,196	553	1,376	1,997	5,577
2013	금천구	가산동	11,813	2,346	140,007	91,899	48,108	1	3	2	2	2,458	30,969	2	9	9	114	351	5,889	3,163	21,694	477	3,180	1,077	4,683	1,853	31,125	79	1,269	280	1,290	1,214	24,899	243	10,695	5	112	111	1,230	79	677	124	419	285	1,748
2013	금천구	독산1동	3,233	934	18,814	11,888	6,926	-	-	-	-	824	7,801	-	-	3	61	68	698	816	3,238	362	1,884	411	1,172	33	279	18	162	115	366	72	296	30	170	4	67	60	608	76	766	80	221	261	1,025
2013	금천구	독산2동	1,237	428	3,323	1,690	1,633	-	-	-	-	124	456	-	-	-	-	66	224	252	625	218	384	190	402	-	-	10	64	49	67	11	38	6	11	2	41	42	319	61	359	31	66	175	267
2013	금천구	독산3동	2,226	806	8,511	4,517	3,994	-	-	-	-	345	1,599	-	-	1	12	71	137	533	1,267	240	420	366	715	6	11	17	215	82	164	82	377	28	1,552	6	150	56	573	64	723	59	108	270	488
2013	금천구	독산4동	1,060	429	3,096	1,531	1,565	-	-	-	-	134	683	-	-	1	2	32	49	198	425	156	169	226	520	2	331	6	49	38	49	8	20	13	21	3	122	31	132	36	220	54	110	122	194
2013	금천구	시흥1동	3,018	1,188	13,368	6,624	6,744	-	-	-	-	272	1,408	-	-	3	23	92	691	770	1,928	310	621	633	1,797	10	32	15	169	105	217	45	181	33	1,851	7	1,177	114	777	133	1,328	103	216	373	952
2013	금천구	시흥2동	551	169	1,787	743	1,044	-	-	-	-	7	15	-	-	-	-	6	24	65	160	232	242	39	103	1	1	2	30	26	122	1	3	1	3	1	34	60	577	42	302	7	54	61	117
2013	금천구	시흥3동	3,182	513	9,142	6,649	2,493	-	-	-	-	485	1,056	1	3	6	41	252	939	1,704	4,138	217	616	128	273	22	98	16	91	42	105	71	264	45	692	1	16	26	457	15	84	24	36	127	233
2013	금천구	시흥4동	882	312	1,956	939	1,017	-	-	-	-	55	184	-	-	1	9	26	66	141	297	271	288	95	177	6	11	3	18	36	53	2	2	-	-	2	74	46	276	37	234	20	37	141	230
2013	금천구	시흥5동	1,204	485	3,451	1,745	1,706	-	-	-	-	70	240	-	-	-	-	36	114	252	541	232	774	182	410	3	7	5	39	46	104	8	29	4	4	1	27	60	227	72	503	51	109	182	323
2013	영등포구	소계	42,151	12,281	337,027	201,009	136,018	-	-	1	3	4,250	15,050	8	818	21	499	1,287	14,134	11,426	50,762	4,205	11,523	6,841	24,120	1,641	35,029	957	50,009	1,777	8,939	2,016	30,276	946	47,323	64	9,181	1,183	8,507	1,055	12,599	1,054	3,980	3,419	14,275
2013	영등포구	여의동	7,564	2,137	150,020	93,140	56,880	-	-	-	-	100	476	3	625	4	92	159	3,509	1,734	12,393	140	2,331	1,622	8,956	775	23,857	478	39,115	379	3,987	841	18,568	291	19,827	19	4,414	181	1,539	168	3,131	117	1,263	553	5,937
2013	영등포구	당산1동	3,092	881	16,953	9,502	7,451	-	-	-	-	249	715	-	-	1	2	94	1,008	1,023	3,234	153	525	561	1,289	78	315	78	1,956	122	390	222	1,386	53	1,846	5	2,580	42	143	61	655	85	185	265	724
2013	영등포구	당산2동	2,164	732	16,477	8,491	7,986	-	-	-	-	86	464	-	-	2	54	95	841	501	1,956	141	677	362	1,261	76	589	70	2,895	156	679	121	1,211	64	3,318	4	96	137	1,097	100	558	71	220	178	561
2013	영등포구	양평1동	3,186	486	19,922	12,808	7,114	-	-	-	-	413	1,644	-	-	2	19	79	1,869	610	3,496	1,192	2,114	257	581	85	1,078	23	496	91	551	133	2,358	44	3,872	3	276	49	423	31	349	27	68	147	728
2013	영등포구	양평2동	2,074	570	18,234	11,812	6,422	-	-	-	-	213	2,130	1	119	1	6	94	1,305	484	3,174	187	1,323	309	957	158	1,636	22	158	114	518	157	2,150	49	2,442	3	317	71	704	40	449	44	139	127	707
2013	영등포구	신길1동	1,177	470	4,035	1,982	2,053	-	-	-	-	50	106	-	-	-	-	29	94	325	749	122	143	236	546	15	74	8	80	56	212	19	333	15	115	2	53	44	238	49	856	57	123	150	313
2013	영등포구	신길3동	1,007	392	3,056	1,737	1,319	-	-	-	-	51	131	-	-	-	-	28	73	324	722	146	155	145	314	5	73	11	161	40	91	7	51	6	457	1	15	44	175	40	236	31	61	128	341
2013	영등포구	신길4동	595	209	1,567	766	801	-	-	-	-	29	105	-	-	-	-	23	45	131	420	90	98	98	164	7	30	5	46	29	55	4	15	5	6	1	18	31	142	27	171	18	20	97	232
2013	영등포구	신길5동	689	213	2,079	1,243	836	-	-	-	-	30	79	-	-	-	-	45	87	180	368	126	311	113	214	3	13	1	4	20	41	6	8	11	208	1	19	25	322	17	89	23	162	88	154
2013	영등포구	신길6동	1,232	443	3,974	1,919	2,055	-	-	-	-	56	163	-	-	-	-	44	156	272	607	173	180	192	477	9	65	6	42	82	206	48	321	13	409	3	223	70	420	59	363	46	86	159	256
2013	영등포구	신길7동	591	200	3,030	1,516	1,514	-	-	-	-	24	66	-	-	-	-	17	93	137	376	69	86	103	280	15	103	3	23	24	116	14	183	12	717	3	273	33	170	32	165	21	41	84	338
2013	영등포구	대림1동	1,129	479	4,079	1,757	2,322	-	-	-	-	91	258	-	-	-	-	58	137	307	674	93	103	210	454	12	33	8	48	49	97	22	67	13	27	1	14	31	185	52	1,599	39	76	143	307
2013	영등포구	대림2동	1,408	590	4,437	2,365	2,072	-	-	-	-	72	164	-	-	2	3	37	112	359	1,160	104	188	355	793	6	17	30	232	58	110	36	82	53	437	2	48	39	247	36	506	58	107	161	231
2013	영등포구	대림3동	2,907	739	10,781	6,212	4,569	-	-	-	-	224	1,120	-	-	2	7	148	817	615	2,423	824	937	331	788	24	157	20	165	86	286	67	308	73	1,547	2	47	93	586	61	666	97	185	240	742
2013	영등포구	영등포본동	1,240	494	4,537	2,151	2,386	-	-	-	-	36	139	-	-	1	17	28	106	379	1,221	165	313	243	885	11	143	9	76	51	130	15	40	23	165	4	97	48	529	43	280	51	107	133	289
2013	영등포구	영등포동	6,076	1,898	34,547	18,701	15,846	-	-	1	3	531	1,392	1	52	2	17	178	2,061	2,499	7,318	132	531	1,118	4,342	147	2,977	106	2,661	224	767	134	1,066	134	6,249	4	362	106	713	134	1,868	165	773	460	1,395
2013	영등포구	도림동	1,025	355	3,138	1,935	1,203	-	-	-	-	77	262	-	-	-	-	42	329	263	738	133	322	138	333	34	109	13	114	58	120	22	46	11	30	1	14	44	138	27	131	36	92	126	360
2013	영등포구	문래동	4,995	993	36,161	22,972	13,189	-	-	-	-	1,918	5,636	3	22	4	282	89	1,492	1,283	9,733	215	1,186	448	1,486	181	3,760	66	1,737	138	583	148	2,083	76	5,651	5	315	95	736	78	527	68	272	180	660
2013	동작구	소계	20,035	7,764	108,007	57,447	50,560	-	-	1	527	645	2,379	6	355	16	249	557	4,197	5,136	16,762	2,203	3,655	3,945	11,844	245	4,632	219	4,094	1,116	4,611	386	6,903	261	14,235	36	3,157	1,181	12,443	863	9,628	764	2,487	2,455	5,849
2013	동작구	노량진2동	1,035	428	5,138	2,476	2,662	-	-	-	-	42	115	-	-	1	20	20	25	257	730	83	96	277	674	10	245	15	333	54	117	18	42	16	336	3	1,206	33	495	23	228	50	118	133	358
2013	동작구	상도1동	1,724	676	6,250	3,245	3,005	-	-	-	-	57	219	-	-	1	15	48	295	342	1,063	209	281	400	1,048	35	150	9	88	96	208	34	121	20	78	3	55	134	1,464	74	543	67	145	195	477
2013	동작구	상도2동	1,261	541	4,090	1,888	2,202	-	-	-	-	45	150	1	62	1	30	31	126	317	855	125	154	226	546	8	48	9	102	91	197	24	114	15	82	3	173	82	524	76	526	50	98	157	303
2013	동작구	상도3동	989	393	2,720	1,260	1,460	-	-	-	-	47	151	-	-	-	-	29	95	251	705	183	219	133	356	1	1	8	64	47	91	5	18	7	23	3	72	39	218	53	357	38	94	145	256
2013	동작구	상도4동	1,006	366	2,879	1,324	1,555	-	-	-	-	34	144	-	-	1	6	28	64	205	504	249	307	131	295	8	23	2	20	45	112	14	28	9	26	1	21	63	380	54	630	25	58	137	261
2013	동작구	사당1동	1,744	628	8,660	4,398	4,262	-	-	-	-	51	117	1	97	-	-	64	311	349	1,356	140	191	382	1,120	30	224	74	2,093	120	330	53	560	30	580	2	63	93	350	79	604	69	149	207	515
2013	동작구	사당3동	1,037	348	4,303	2,195	2,108	-	-	-	-	37	103	-	-	1	16	35	102	231	536	156	226	133	372	16	47	6	46	65	165	23	155	11	1,113	2	59	78	742	38	247	26	45	179	329
2013	동작구	사당4동	663	259	1,638	807	831	-	-	-	-	34	109	-	-	-	-	25	85	184	388	103	113	85	226	2	4	3	32	30	86	5	6	2	5	1	13	23	93	42	254	19	47	105	177
2013	동작구	사당5동	517	161	1,692	905	787	-	-	-	-	22	61	-	-	2	25	31	132	99	226	102	119	52	152	8	23	1	4	29	77	8	79	7	83	1	14	41	367	19	81	7	98	88	151
2013	동작구	대방동	1,689	608	12,717	7,734	4,983	-	-	-	-	51	265	-	-	1	1	69	1,980	372	1,567	189	387	253	961	30	440	14	206	99	413	57	1,418	33	1,444	3	218	170	1,762	87	626	57	222	204	807
2013	동작구	신대방1동	1,050	422	4,496	2,480	2,016	-	-	1	527	55	197	-	-	2	19	39	228	261	796	102	135	168	424	15	92	24	250	64	223	22	73	18	522	1	16	68	397	56	313	26	62	128	222
2013	동작구	신대방2동	1,254	495	27,372	15,489	11,883	-	-	-	-	59	306	1	180	3	51	39	332	220	2,461	99	760	288	991	28	2,175	21	595	72	1,729	55	3,993	35	9,240	5	742	52	400	52	2,347	50	565	175	505
2013	동작구	흑석동	1,622	698	9,671	4,838	4,833	-	-	-	-	39	132	1	2	2	40	37	176	360	825	166	271	403	1,323	20	115	11	90	94	251	26	84	25	252	1	20	92	3,245	66	2,099	60	191	219	555
2013	동작구	노량진1동	2,893	1,104	11,058	5,830	5,228	-	-	-	-	33	83	1	11	1	26	31	161	1,325	3,490	166	215	645	2,035	18	982	14	103	121	372	14	53	21	421	6	462	130	1,524	63	348	149	430	155	342
2013	동작구	사당2동	1,551	637	5,323	2,578	2,745	-	-	-	-	39	227	1	3	-	-	31	85	363	1,260	131	181	369	1,321	16	63	8	68	89	240	28	159	12	30	1	23	83	482	81	425	71	165	228	591
2013	관악구	소계	26,309	9,705	109,055	56,022	53,033	-	-	-	-	1,296	5,494	-	-	9	114	755	7,625	5,650	15,803	4,032	6,420	5,380	16,474	280	2,795	200	2,501	1,254	3,312	583	4,657	281	5,899	50	4,618	1,217	13,967	1,062	8,767	1,048	3,107	3,212	7,502
2013	관악구	보라매동	1,316	537	4,966	2,387	2,579	-	-	-	-	63	179	-	-	-	-	40	443	379	951	183	230	246	641	16	312	18	98	52	88	15	533	8	81	1	15	58	565	50	485	27	66	160	279
2013	관악구	청림동	430	180	1,059	488	571	-	-	-	-	14	26	-	-	-	-	9	15	83	148	82	84	54	122	2	2	2	21	28	112	4	6	-	-	1	13	46	118	27	203	13	49	65	140
2013	관악구	행운동	1,397	555	5,161	2,451	2,710	-	-	-	-	45	465	-	-	-	-	45	247	339	1,031	146	176	274	730	16	182	12	158	72	152	37	134	14	73	3	38	83	594	68	576	47	116	196	489
2013	관악구	낙성대동	1,277	481	7,971	4,006	3,965	-	-	-	-	53	274	-	-	-	-	40	462	234	1,072	78	612	383	1,415	28	390	14	206	57	242	51	512	25	1,179	2	101	46	327	57	511	63	287	146	381
2013	관악구	중앙동	1,469	382	4,681	2,240	2,441	-	-	-	-	64	156	-	-	-	-	47	233	220	655	532	533	196	497	11	51	15	217	67	174	34	138	8	660	1	13	49	484	60	425	25	72	140	373
2013	관악구	인헌동	1,123	441	4,406	2,145	2,261	-	-	-	-	51	382	-	-	-	-	24	226	257	604	161	167	187	432	15	394	9	128	64	158	27	212	10	607	2	16	60	315	63	398	46	80	147	287
2013	관악구	남현동	842	337	5,952	3,217	2,735	-	-	-	-	14	89	-	-	-	-	24	545	163	888	88	99	228	1,165	15	114	14	359	32	51	32	902	10	772	3	77	45	258	39	221	31	89	104	323
2013	관악구	서원동	1,298	489	6,702	3,076	3,626	-	-	-	-	24	108	-	-	-	-	28	99	272	1,016	118	144	426	1,961	15	95	20	344	56	266	23	64	10	849	3	66	47	239	50	767	77	245	129	439
2013	관악구	신원동	877	363	2,256	1,036	1,220	-	-	-	-	54	125	-	-	-	-	22	88	245	430	98	99	154	322	3	20	2	19	36	55	21	74	6	93	2	123	42	225	38	220	22	38	132	325
2013	관악구	서림동	857	295	2,755	1,602	1,153	-	-	-	-	32	91	-	-	-	-	25	82	179	487	159	530	159	396	15	52	1	12	37	91	4	15	19	41	2	68	47	321	31	184	43	120	104	265
2013	관악구	신사동	1,451	525	4,365	2,238	2,127	-	-	-	-	136	506	-	-	-	-	65	294	379	874	159	226	221	571	10	51	6	112	65	268	32	96	19	187	2	46	57	355	45	320	46	124	209	335
2013	관악구	신림동	1,744	755	5,632	2,952	2,680	-	-	-	-	40	110	-	-	-	-	30	406	392	1,074	60	78	612	1,839	16	265	12	78	123	257	26	79	19	211	2	52	37	97	56	322	123	281	196	483
2013	관악구	난향동	392	133	1,685	858	827	-	-	-	-	19	317	-	-	-	-	6	14	58	240	123	256	40	99	-	-	4	30	18	59	2	2	4	31	2	47	29	284	29	181	11	25	47	100
2013	관악구	조원동	2,172	724	7,225	3,902	3,323	-	-	-	-	239	947	-	-	4	43	73	363	446	1,388	409	484	370	1,221	36	333	16	171	84	185	60	295	31	124	2	302	51	245	52	420	83	228	216	476
2013	관악구	대학동	1,562	596	11,988	6,658	5,330	-	-	-	-	17	77	-	-	-	-	7	16	198	575	113	505	622	1,962	22	167	8	105	88	195	73	959	30	234	3	38	62	5,830	35	221	164	782	120	322
2013	관악구	은천동	1,673	589	7,535	4,074	3,461	-	-	-	-	122	497	-	-	1	13	61	1,195	353	1,103	277	648	261	592	15	116	11	157	67	144	31	169	19	319	4	149	84	461	75	1,199	49	98	243	675
2013	관악구	성현동	834	287	2,449	1,121	1,328	-	-	-	-	33	101	-	-	-	-	24	61	119	238	217	224	76	179	4	16	3	18	48	151	14	156	2	10	1	17	97	698	51	315	18	56	127	209
2013	관악구	청룡동	1,946	770	12,463	6,431	6,032	-	-	-	-	59	182	-	-	3	47	69	2,471	491	1,305	131	149	425	1,417	27	183	18	125	124	309	63	188	31	156	8	3,324	82	923	76	777	74	164	265	743
2013	관악구	난곡동	935	295	1,988	1,013	975	-	-	-	-	36	78	-	-	-	-	29	40	200	332	254	256	113	231	1	5	4	33	29	51	3	5	1	4	1	19	48	401	52	289	26	45	138	199
2013	관악구	삼성동	1,139	422	2,615	1,336	1,279	-	-	-	-	52	127	-	-	-	-	30	103	288	533	307	334	142	237	5	27	4	28	48	132	7	16	5	19	1	16	58	538	37	221	14	25	141	259
2013	관악구	미성동	1,575	549	5,201	2,791	2,410	-	-	-	-	129	657	-	-	1	11	57	222	355	859	337	586	191	445	8	20	7	82	59	172	24	102	10	249	4	78	89	689	71	512	46	117	187	400
2013	서초구	소계	42,882	13,153	373,954	229,615	144,339	1	4	2	5	1,038	5,829	10	201	20	196	1,903	49,979	11,971	65,196	1,364	7,844	6,522	30,867	1,956	29,023	794	13,869	2,457	12,867	5,564	60,551	1,127	35,023	57	9,937	2,147	18,102	1,442	16,684	1,155	5,274	3,352	12,503
2013	서초구	서초1동	3,047	770	26,660	16,637	10,023	-	-	-	-	74	377	-	-	-	-	121	2,773	929	5,306	67	403	467	1,877	158	2,201	68	751	150	652	419	5,910	89	1,595	3	72	107	2,355	102	1,088	73	235	220	1,065
2013	서초구	서초2동	4,253	1,175	49,210	32,181	17,029	-	-	-	-	74	775	3	180	1	26	174	8,612	1,073	6,382	76	721	544	3,013	312	4,979	165	3,528	296	2,136	524	8,139	149	4,547	5	1,940	323	1,810	136	1,073	92	303	306	1,046
2013	서초구	서초3동	6,884	1,627	65,115	39,050	26,065	-	-	1	1	117	1,283	-	-	4	10	215	5,348	1,318	8,189	133	941	1,069	4,756	410	6,119	133	4,203	346	1,848	1,928	13,125	219	6,967	10	5,404	195	2,127	126	1,042	216	1,720	444	2,032
2013	서초구	서초4동	2,704	837	27,523	15,445	12,078	-	-	-	-	17	189	-	-	1	1	49	3,718	465	4,124	22	89	538	3,867	60	2,195	59	544	190	1,214	560	4,618	70	1,425	2	20	208	1,948	224	2,775	65	186	174	610
2013	서초구	잠원동	2,176	730	13,886	7,487	6,399	-	-	1	4	63	232	-	-	2	6	78	1,432	374	2,523	39	108	445	2,039	140	1,495	31	314	186	753	275	1,863	76	1,094	2	15	126	629	85	564	76	249	177	566
2013	서초구	반포본동	668	364	2,280	1,009	1,271	-	-	-	-	13	26	-	-	-	-	10	13	256	482	6	6	108	332	6	77	7	70	37	226	11	52	4	6	1	12	101	755	22	76	11	24	75	123
2013	서초구	반포1동	1,548	554	9,227	5,337	3,890	-	-	-	-	15	87	-	-	-	-	38	1,018	353	1,873	35	42	291	972	53	594	35	417	125	470	140	1,166	35	475	1	24	75	621	96	772	53	195	203	501
2013	서초구	반포2동	428	190	2,223	1,082	1,141	-	-	-	-	5	8	-	-	1	1	13	54	90	216	11	16	47	163	5	71	14	119	58	351	9	21	4	23	3	194	64	521	34	137	9	149	61	179
2013	서초구	반포3동	887	360	5,949	2,653	3,296	-	-	-	-	6	19	1	5	-	-	16	300	265	993	16	35	90	519	10	166	20	312	108	1,011	33	175	11	820	1	13	104	450	97	778	22	83	87	270
2013	서초구	반포4동	3,382	1,498	29,186	15,030	14,156	-	-	-	-	93	179	-	-	1	58	41	2,073	1,738	6,800	56	1,733	509	4,438	63	1,132	40	638	113	682	179	1,738	54	1,467	7	267	194	1,815	63	4,423	59	776	172	967
2013	서초구	방배본동	1,606	569	10,745	5,492	5,253	-	-	-	-	51	183	-	-	-	-	90	413	440	2,557	41	190	301	1,011	69	1,019	17	214	89	619	107	685	28	2,608	2	45	85	400	29	196	65	177	192	428
2013	서초구	방배1동	1,629	534	13,769	9,466	4,303	-	-	-	-	47	291	-	-	1	2	89	5,357	388	2,066	61	124	276	923	91	624	16	185	92	289	149	1,168	33	1,192	1	19	85	415	69	386	82	161	149	567
2013	서초구	방배2동	1,771	568	14,947	9,937	5,010	1	4	-	-	54	152	-	-	-	-	125	3,423	401	2,608	144	1,176	309	1,264	55	522	49	915	124	319	106	749	54	1,690	2	377	74	599	56	325	47	88	170	736
2013	서초구	방배3동	1,103	347	10,484	6,820	3,664	-	-	-	-	42	158	2	5	-	-	79	1,953	270	1,911	70	358	101	369	40	1,071	12	148	98	530	74	770	29	673	4	148	84	933	38	793	16	35	144	629
2013	서초구	방배4동	2,265	752	13,140	8,065	5,075	-	-	-	-	101	460	-	-	3	15	149	2,463	545	2,431	90	162	291	782	111	1,510	42	502	126	284	205	998	57	1,006	2	176	127	915	108	676	58	169	250	591
2013	서초구	양재1동	3,090	864	30,202	20,481	9,721	-	-	-	-	110	515	3	9	4	67	204	5,988	769	4,620	204	404	476	1,847	167	2,155	32	425	142	508	358	6,014	89	4,413	3	60	123	1,057	96	799	87	365	223	956
2013	서초구	양재2동	4,981	1,307	44,373	30,460	13,913	-	-	-	-	148	854	1	2	2	10	394	4,727	2,043	11,452	239	829	616	2,461	203	3,087	52	572	163	801	473	13,111	121	3,970	2	51	68	616	50	351	122	340	284	1,139
2013	서초구	내곡동	460	107	5,035	2,983	2,052	-	-	-	-	8	41	-	-	-	-	18	314	254	663	54	507	44	234	3	6	2	12	14	174	14	249	5	1,052	6	1,100	4	136	11	430	2	19	21	98
2013	강남구	소계	62,614	19,295	617,340	357,525	259,815	8	40	2	7	1,454	13,705	21	4,058	24	774	2,048	46,350	15,274	120,762	3,008	10,298	10,498	56,463	3,407	57,184	1,540	35,138	4,148	24,767	7,428	101,699	1,533	52,356	60	6,370	3,179	25,131	2,622	33,086	1,533	7,465	4,827	21,687
2013	강남구	신사동	4,334	1,629	27,047	13,256	13,791	-	-	-	-	211	1,786	2	18	-	-	98	1,911	1,166	5,701	55	330	771	3,865	185	1,578	37	281	196	875	590	3,881	80	1,115	2	55	241	1,223	333	3,048	97	330	270	1,050
2013	강남구	논현1동	4,970	1,437	38,902	21,945	16,957	-	-	-	-	153	832	-	-	4	14	176	3,087	1,316	8,043	75	199	763	3,956	397	5,226	71	1,556	297	1,162	730	5,893	151	4,289	2	61	101	628	202	1,987	141	695	391	1,274
2013	강남구	논현2동	5,128	1,441	56,495	33,474	23,021	1	3	1	4	126	1,812	-	-	-	-	225	7,801	1,147	11,194	198	1,134	921	4,913	400	5,416	95	1,191	295	1,719	881	9,523	136	6,362	6	844	119	1,013	157	1,280	104	402	316	1,884
2013	강남구	삼성1동	3,170	824	49,715	31,180	18,535	1	5	-	-	64	603	3	1,899	2	20	99	3,273	956	11,556	94	570	568	3,688	180	8,146	89	2,655	202	1,373	374	7,589	123	3,905	3	203	66	761	81	912	77	1,162	188	1,395
2013	강남구	삼성2동	3,008	862	30,057	17,501	12,556	-	-	1	3	61	306	-	-	1	42	102	1,118	643	4,680	66	372	472	2,498	228	4,299	128	2,992	311	1,466	370	4,741	105	2,589	3	2,128	102	801	92	894	72	410	251	718
2013	강남구	대치1동	1,004	424	6,550	3,112	3,438	-	-	-	-	9	20	-	-	-	-	16	71	163	430	12	47	149	840	5	10	34	458	97	391	19	477	5	13	3	143	275	2,517	91	634	30	148	96	351
2013	강남구	대치4동	3,242	1,083	26,790	15,723	11,067	-	-	-	-	62	225	1	340	4	190	62	467	715	7,342	52	235	642	2,867	147	1,818	96	3,012	201	1,439	261	3,673	56	728	2	99	423	2,090	130	1,018	100	387	288	860
2013	강남구	역삼1동	12,516	3,370	144,308	87,953	56,355	2	5	-	-	169	1,212	5	345	1	69	320	10,935	2,727	23,512	141	1,390	2,441	14,572	939	13,143	466	13,107	864	5,544	2,097	35,440	407	10,104	10	1,163	429	3,300	367	4,607	291	1,114	840	4,746
2013	강남구	역삼2동	2,956	833	34,579	20,605	13,974	-	-	-	-	53	1,362	1	4	-	-	124	2,244	731	6,060	97	741	482	2,092	194	4,139	96	2,709	270	1,880	372	4,706	100	5,447	2	71	89	942	96	1,203	68	245	181	734
2013	강남구	도곡1동	1,392	431	14,298	8,336	5,962	1	1	-	-	23	79	-	-	-	-	62	1,491	328	2,497	56	320	217	982	67	1,508	35	376	123	540	118	2,003	30	262	-	-	90	765	85	2,791	33	268	124	415
2013	강남구	도곡2동	1,646	524	18,453	11,051	7,402	-	-	-	-	35	171	1	117	-	-	75	1,836	443	2,954	39	251	281	1,463	111	3,136	44	715	123	870	161	2,752	32	2,178	2	94	94	985	45	284	40	169	120	478
2013	강남구	개포1동	459	173	1,318	758	560	-	-	-	-	6	12	-	-	-	-	24	182	80	195	147	154	21	46	-	-	3	28	53	239	2	4	-	-	1	18	36	252	12	59	3	7	71	122
2013	강남구	개포4동	3,257	601	11,318	7,578	3,740	-	-	-	-	66	204	-	-	1	65	211	1,495	763	3,093	1,158	1,218	223	587	61	316	8	61	95	345	227	1,676	46	417	3	79	85	448	59	554	73	236	178	524
2013	강남구	일원본동	492	201	8,073	2,156	5,917	-	-	-	-	2	3	-	-	-	-	15	34	74	296	127	142	58	299	2	6	6	71	44	222	1	2	1	5	2	33	62	642	28	6,087	11	62	59	169
2013	강남구	일원1동	894	337	5,454	3,038	2,416	-	-	-	-	24	64	1	105	1	58	56	506	212	779	55	69	183	597	10	44	5	35	28	79	37	437	18	1,301	1	19	54	540	49	352	58	202	102	267
2013	강남구	일원2동	575	191	5,064	3,248	1,816	-	-	-	-	12	23	2	294	2	143	22	252	125	374	102	245	71	221	10	679	6	60	44	970	21	265	3	36	3	453	42	248	38	560	14	91	58	150
2013	강남구	수서동	1,333	315	17,294	11,139	6,155	1	5	-	-	32	175	1	8	1	29	85	1,681	468	3,616	109	929	168	687	67	740	13	209	57	471	132	2,388	35	5,078	2	40	25	400	46	447	19	158	72	233
2013	강남구	세곡동	437	112	2,422	1,582	840	1	7	-	-	3	70	-	-	1	11	12	146	120	571	135	646	41	127	-	-	7	35	25	98	4	38	2	37	2	38	19	272	23	198	5	14	37	114
2013	강남구	압구정동	3,778	1,456	28,387	12,802	15,585	1	14	-	-	106	1,671	-	-	1	1	64	516	1,068	6,502	31	98	723	4,366	124	1,233	81	1,030	169	1,029	342	3,817	56	824	1	16	227	1,853	305	2,877	91	447	388	2,093
2013	강남구	청담동	3,793	1,512	36,500	18,586	17,914	-	-	-	-	154	2,075	-	-	4	123	93	3,083	1,016	7,823	52	113	601	4,482	146	2,372	74	1,131	328	1,524	420	4,483	78	2,281	3	243	134	1,168	232	2,340	74	488	384	2,771
2013	강남구	대치2동	3,220	1,125	50,271	30,456	19,815	-	-	-	-	65	969	4	928	-	-	86	4,166	816	12,974	81	577	552	2,892	122	3,343	138	3,349	241	2,209	243	7,811	60	5,363	5	548	328	3,036	106	763	96	292	277	1,051
2013	강남구	개포2동	1,010	414	4,045	2,046	1,999	-	-	-	-	18	31	-	-	1	9	21	55	197	570	126	518	150	423	12	32	8	77	85	322	26	100	9	22	2	22	138	1,247	45	191	36	138	136	288
2013	송파구	소계	43,503	14,564	253,215	150,445	102,770	3	203	1	2	1,380	9,651	7	41	29	468	1,725	25,800	13,322	50,727	5,454	11,972	6,347	23,088	688	10,120	510	9,259	2,217	9,577	1,717	19,699	558	22,339	71	5,737	2,162	17,155	1,500	19,390	1,452	6,517	4,360	11,470
2013	송파구	풍납1동	806	316	2,501	1,117	1,384	-	-	-	-	42	317	-	-	-	-	18	101	189	311	145	289	140	221	6	38	8	189	40	80	8	22	7	171	2	20	35	207	31	204	27	42	108	289
2013	송파구	풍납2동	1,236	438	14,873	6,036	8,837	-	-	-	-	46	243	3	29	2	3	35	595	265	1,237	189	450	161	512	7	33	9	79	74	172	99	618	18	735	5	451	94	1,367	57	7,998	41	101	131	250
2013	송파구	거여1동	828	287	2,534	1,342	1,192	-	-	-	-	42	113	2	4	-	-	24	106	174	572	179	189	123	281	6	111	1	1	32	101	17	87	10	20	1	16	49	389	33	289	31	79	104	176
2013	송파구	거여2동	1,223	418	4,400	2,412	1,988	-	-	-	-	42	129	-	-	-	-	41	179	229	590	287	784	177	394	6	20	5	63	66	183	18	336	12	99	3	78	64	417	69	699	46	85	158	344
2013	송파구	마천1동	910	323	2,057	1,111	946	-	-	-	-	43	139	-	-	-	-	20	46	170	307	258	459	131	275	1	5	3	12	48	80	3	5	4	8	3	48	37	166	34	219	19	46	136	242
2013	송파구	마천2동	1,340	486	3,993	2,133	1,860	-	-	-	-	91	363	-	-	-	-	26	136	355	877	303	556	187	394	2	7	5	86	51	123	6	53	3	11	4	262	42	188	70	532	36	67	159	338
2013	송파구	방이1동	1,312	506	8,976	5,445	3,531	-	-	-	-	56	652	-	-	-	-	78	1,174	266	1,654	85	309	255	1,033	13	73	11	101	57	311	48	684	19	1,008	2	77	159	1,057	52	244	56	183	155	416
2013	송파구	방이2동	2,771	895	21,572	13,216	8,356	-	-	-	-	71	941	1	6	1	36	132	2,382	651	4,088	168	423	701	2,626	92	1,278	38	386	158	497	224	1,676	52	4,680	1	14	80	942	71	667	123	269	207	661
2013	송파구	오륜동	510	212	4,286	2,367	1,919	-	-	-	-	6	11	-	-	1	3	17	53	174	366	10	20	56	521	2	44	13	155	24	97	6	23	6	414	3	284	26	1,158	18	84	69	800	79	253
2013	송파구	오금동	3,197	783	16,645	10,500	6,145	-	-	-	-	140	810	-	-	2	25	177	1,727	594	3,091	1,105	1,466	312	1,069	31	1,444	15	159	102	559	67	708	32	2,432	2	39	224	1,554	62	554	82	352	250	656
2013	송파구	송파1동	2,442	721	11,419	7,212	4,207	-	-	-	-	84	403	1	2	1	43	128	2,951	483	1,614	538	642	321	1,104	67	590	19	176	114	400	141	695	46	802	2	15	108	677	68	604	80	153	241	548
2013	송파구	송파2동	881	371	5,434	3,360	2,074	-	-	-	-	23	735	-	-	-	-	30	349	214	590	97	99	131	371	7	166	4	39	59	236	17	1,030	9	299	1	17	112	923	43	231	28	68	106	281
2013	송파구	석촌동	2,757	992	14,313	8,588	5,725	-	-	-	-	106	523	-	-	1	1	143	2,260	736	2,524	205	245	511	1,451	38	310	35	466	139	378	137	1,296	43	2,225	3	30	112	680	101	821	130	219	317	884
2013	송파구	삼전동	1,972	691	10,176	6,665	3,511	2	198	-	-	76	412	-	-	1	47	90	1,801	458	1,792	202	502	318	950	24	171	14	113	118	235	73	422	20	1,059	3	103	136	902	75	589	91	209	271	671
2013	송파구	가락본동	3,460	1,037	28,071	16,938	11,133	-	-	-	-	107	1,363	-	-	3	20	228	3,182	1,055	4,446	196	302	598	2,004	122	2,758	47	592	158	1,038	220	3,140	71	4,355	5	1,418	106	612	85	1,792	168	358	291	691
2013	송파구	가락1동	3,322	874	11,184	8,044	3,140	1	5	-	-	13	45	-	-	3	77	3	56	3,043	9,593	25	97	72	243	5	17	7	65	43	401	11	79	6	89	3	39	3	61	8	61	2	3	74	253
2013	송파구	가락2동	1,832	691	8,739	4,988	3,751	-	-	1	2	72	798	-	-	1	40	95	680	419	1,855	180	395	246	718	16	187	14	160	106	356	64	717	12	134	4	497	163	805	94	664	79	154	266	577
2013	송파구	문정1동	1,434	497	6,648	4,260	2,388	-	-	-	-	67	373	-	-	2	20	98	1,054	436	1,613	138	251	179	563	23	265	7	60	97	429	59	414	17	561	1	13	58	369	44	282	47	99	161	282
2013	송파구	문정2동	2,170	677	10,862	6,835	4,027	-	-	-	-	74	271	-	-	3	79	88	697	1,131	3,844	33	301	178	1,046	82	484	32	266	138	778	145	1,659	38	185	3	405	49	167	36	152	26	109	114	419
2013	송파구	장지동	1,449	440	9,945	7,099	2,846	-	-	-	-	55	233	-	-	4	34	76	602	243	1,012	331	3,219	176	486	10	102	7	62	79	260	55	1,341	13	387	3	55	89	1,104	84	527	43	96	181	425
2013	송파구	잠실본동	3,052	1,079	17,039	10,159	6,880	-	-	-	-	72	407	-	-	1	3	108	2,028	699	2,755	114	211	780	3,083	53	475	46	559	176	1,195	138	1,744	51	1,624	4	47	158	726	138	817	175	444	339	921
2013	송파구	잠실4동	462	209	1,727	664	1,063	-	-	-	-	6	12	-	-	3	37	3	5	69	175	83	99	51	160	1	4	9	81	60	255	7	17	-	-	2	28	46	441	49	244	9	34	64	135
2013	송파구	잠실6동	1,959	565	23,128	14,349	8,779	-	-	-	-	25	317	-	-	-	-	39	3,579	442	2,963	455	494	267	1,517	59	1,496	114	4,926	83	787	119	2,821	50	887	2	1,513	85	420	63	579	14	37	142	792
2013	송파구	잠실7동	195	101	976	473	503	-	-	-	-	1	2	-	-	-	-	8	20	73	116	3	18	16	35	2	4	6	54	22	86	-	-	1	30	1	9	17	396	7	19	3	6	35	181
2013	송파구	잠실2동	765	349	3,661	1,608	2,053	-	-	-	-	3	7	-	-	-	-	8	13	213	475	70	75	93	318	3	16	16	160	69	234	11	39	7	89	4	210	60	863	51	226	15	529	142	407
2013	송파구	잠실3동	1,218	606	8,056	3,524	4,532	-	-	-	-	17	32	-	-	-	-	12	24	541	2,267	55	77	167	1,713	10	22	25	249	104	306	24	73	11	35	4	49	50	564	57	292	12	1,975	129	378
2013	강동구	소계	29,756	10,538	133,729	73,305	60,424	-	-	1	9	1,547	6,144	5	336	17	268	973	16,844	7,044	23,910	5,701	10,089	4,829	15,422	185	2,959	290	4,892	1,491	4,367	511	3,115	332	7,845	37	2,434	1,507	10,387	1,136	13,166	903	2,971	3,247	8,571
2013	강동구	강일동	683	217	14,694	11,453	3,241	-	-	-	-	11	60	-	-	1	36	7	9,661	104	419	219	1,875	71	345	5	294	10	81	34	240	10	169	2	5	2	65	61	607	79	500	9	197	58	140
2013	강동구	상일동	1,238	371	5,441	2,682	2,759	-	-	-	-	55	224	-	-	3	13	36	171	220	635	404	447	184	510	3	11	6	46	72	243	8	39	8	60	1	15	64	1,018	35	1,633	26	177	113	199
2013	강동구	명일1동	1,665	737	5,027	2,300	2,727	-	-	-	-	53	150	-	-	-	-	31	159	432	1,018	207	234	317	908	3	9	17	145	76	236	13	37	15	205	2	23	151	511	97	612	72	212	179	568
2013	강동구	명일2동	1,267	596	5,137	2,366	2,771	-	-	-	-	32	87	-	-	-	-	38	147	398	1,184	54	54	192	827	10	95	13	139	74	357	14	347	8	37	2	45	198	1,031	57	326	51	138	126	323
2013	강동구	고덕1동	550	193	1,749	866	883	-	-	-	-	28	42	-	-	-	-	14	37	80	170	172	189	74	147	-	-	-	-	36	88	2	4	3	19	3	41	41	644	19	248	10	13	68	107
2013	강동구	고덕2동	1,945	257	3,801	2,611	1,190	-	-	-	-	27	94	1	20	2	57	10	38	151	346	1,426	1,672	97	262	2	3	5	45	43	98	2	2	2	45	1	15	28	528	35	230	17	110	96	236
2013	강동구	암사2동	812	300	3,671	1,628	2,043	-	-	-	-	37	129	-	-	-	-	25	91	146	791	177	435	124	351	1	3	3	40	49	106	9	72	2	659	2	40	66	353	49	271	34	134	88	196
2013	강동구	암사3동	603	200	1,911	961	950	-	-	-	-	27	86	1	108	-	-	11	20	135	373	163	226	42	118	2	3	1	12	35	88	10	20	6	18	2	67	64	449	29	181	10	36	65	106
2013	강동구	천호1동	1,558	537	5,102	2,473	2,629	-	-	-	-	101	348	-	-	-	-	51	155	356	1,026	363	675	216	543	3	5	8	127	80	203	15	83	12	323	2	19	65	722	59	440	37	125	190	308
2013	강동구	천호3동	1,877	713	6,171	3,271	2,900	-	-	-	-	70	173	-	-	1	19	63	315	563	1,216	253	473	298	827	19	130	31	512	113	323	25	77	30	658	2	46	47	169	61	488	59	121	242	624
2013	강동구	성내1동	2,045	608	15,379	9,343	6,036	-	-	1	9	208	992	1	123	4	34	145	3,077	538	2,570	166	245	300	996	38	443	23	302	86	217	137	775	42	859	6	1,759	67	691	51	801	53	202	179	1,284
2013	강동구	성내2동	1,928	714	7,545	3,571	3,974	-	-	-	-	138	543	-	-	1	3	71	202	448	1,209	222	547	352	1,204	18	107	40	1,065	118	252	29	78	43	603	1	15	68	223	73	609	64	140	242	745
2013	강동구	성내3동	2,384	918	10,273	5,739	4,534	-	-	-	-	125	496	-	-	1	48	83	467	630	2,700	211	223	494	1,463	17	1,162	22	180	111	278	56	310	32	708	1	15	131	509	104	692	100	243	266	779
2013	강동구	둔촌1동	404	183	1,318	742	576	-	-	-	-	5	42	1	82	-	-	10	15	117	212	86	96	17	27	1	4	2	23	48	266	2	3	2	3	1	15	39	363	8	26	3	64	62	77
2013	강동구	둔촌2동	1,610	567	9,104	4,843	4,261	-	-	-	-	91	356	-	-	-	-	69	316	338	2,203	269	715	260	752	10	45	9	167	88	184	43	340	16	860	2	43	82	528	50	1,958	56	113	227	524
2013	강동구	암사1동	1,947	707	5,139	2,752	2,387	-	-	-	-	144	461	-	-	-	-	65	204	450	1,106	397	647	295	668	5	10	8	214	81	154	13	93	18	204	1	18	72	291	60	429	74	167	264	473
2013	강동구	천호2동	3,424	1,348	14,008	6,471	7,537	-	-	-	-	204	658	-	-	2	11	100	308	1,098	3,853	329	497	694	2,598	23	185	33	526	142	433	54	211	50	1,343	2	82	112	755	141	1,273	92	418	348	857
2013	강동구	길동	3,816	1,372	18,259	9,233	9,026	-	-	-	-	191	1,203	1	3	2	47	144	1,461	840	2,879	583	839	802	2,876	25	450	59	1,268	205	601	69	455	41	1,236	4	111	151	995	129	2,449	136	361	434	1,025