기간	자치구	동	합계	합계	합계	합계	합계	농업 임업 및 어업	농업 임업 및 어업	광업	광업	제조업	제조업	전기 가스 증기 및 수도사업	전기 가스 증기 및 수도사업	하수 · 폐기물 처리 원료재생 및 환경복원업	하수 · 폐기물 처리 원료재생 및 환경복원업	건설업	건설업	도매 및 소매업	도매 및 소매업	운수업	운수업	숙박 및 음식점업	숙박 및 음식점업	출판 영상 방송통신 및 정보서비스업	출판 영상 방송통신 및 정보서비스업	금융 및 보험업	금융 및 보험업	부동산업 및 임대업	부동산업 및 임대업	전문 과학 및 기술 서비스업	전문 과학 및 기술 서비스업	사업시설관리 및 사업지원 서비스업	사업시설관리 및 사업지원 서비스업	공공행정 국방 및 사회보장 행정	공공행정 국방 및 사회보장 행정	교육 서비스업	교육 서비스업	보건업 및 사회복지 서비스업	보건업 및 사회복지 서비스업	예술 스포츠 및 여가관련 서비스업	예술 스포츠 및 여가관련 서비스업	협회 및 단체 수리  및 기타 개인 서비스업	협회 및 단체 수리  및 기타 개인 서비스업
기간	자치구	동	사업체수	사업체수	종사자수	종사자수	종사자수	사업체수	종사자수	사업체수	종사자수	사업체수	종사자수	사업체수	종사자수	사업체수	종사자수	사업체수	종사자수	사업체수	종사자수	사업체수	종사자수	사업체수	종사자수	사업체수	종사자수	사업체수	종사자수	사업체수	종사자수	사업체수	종사자수	사업체수	종사자수	사업체수	종사자수	사업체수	종사자수	사업체수	종사자수	사업체수	종사자수	사업체수	종사자수
기간	자치구	동	사업체수	여성대표자	계	남	여	사업체수	종사자수	사업체수	종사자수	사업체수	종사자수	사업체수	종사자수	사업체수	종사자수	사업체수	종사자수	사업체수	종사자수	사업체수	종사자수	사업체수	종사자수	사업체수	종사자수	사업체수	종사자수	사업체수	종사자수	사업체수	종사자수	사업체수	종사자수	사업체수	종사자수	사업체수	종사자수	사업체수	종사자수	사업체수	종사자수	사업체수	종사자수
2015	합계	합계	820,658	272,567	5,108,828	2,887,719	2,221,109	17	491	23	69	62,211	287,414	137	8,713	463	6,712	22,695	360,192	234,494	912,406	93,642	279,921	126,785	480,090	23,903	350,342	10,849	285,098	38,571	168,981	40,627	452,004	13,977	428,089	1,285	136,166	33,612	340,950	26,528	320,189	20,547	80,512	70,292	210,489
2015	종로구	소계	40,871	13,472	269,106	152,766	116,340	1	16	2	7	4,281	11,734	6	387	9	179	358	25,269	17,447	46,970	1,418	7,841	6,635	28,451	894	17,754	602	21,335	1,286	7,367	1,609	23,629	1,148	17,843	91	17,172	876	13,646	689	15,472	927	5,903	2,592	8,131
2015	종로구	사직동	3,551	1,092	51,425	29,781	21,644	1	16	-	-	71	228	1	2	2	32	38	4,158	563	4,074	280	2,281	856	4,524	204	2,822	162	6,422	155	2,089	315	7,659	364	5,123	18	7,691	86	774	92	830	83	1,541	260	1,159
2015	종로구	삼청동	738	354	4,736	2,374	2,362	-	-	-	-	12	77	-	-	-	-	6	15	273	864	20	84	261	1,215	16	101	6	42	12	52	45	301	13	75	4	1,164	21	357	8	34	18	158	23	197
2015	종로구	부암동	540	224	3,635	1,714	1,921	-	-	1	5	21	125	-	-	-	-	22	53	104	523	33	37	125	433	19	99	4	33	22	67	26	93	4	10	3	61	41	1,496	10	90	17	60	88	450
2015	종로구	평창동	665	298	3,059	1,438	1,621	-	-	-	-	16	90	-	-	-	-	18	84	129	458	34	123	155	597	13	95	7	58	47	139	28	257	7	29	3	79	45	294	33	374	27	141	103	241
2015	종로구	무악동	581	121	1,510	804	706	-	-	-	-	6	9	-	-	-	-	9	79	59	158	344	354	38	101	3	6	4	20	17	94	4	6	4	18	1	14	26	176	11	365	7	16	48	94
2015	종로구	교남동	320	103	3,158	1,342	1,816	-	-	-	-	8	18	-	-	-	-	9	40	69	247	32	72	62	235	9	25	7	20	23	52	9	199	8	29	2	34	17	200	9	1,802	10	26	46	159
2015	종로구	가회동	755	368	12,215	8,804	3,411	-	-	-	-	33	148	-	-	-	-	11	5,446	172	395	23	40	243	1,011	21	1,021	8	102	22	49	66	2,226	16	94	3	444	35	715	14	145	32	179	56	200
2015	종로구	종로1.2.3.4가동	16,072	5,081	110,407	64,972	45,435	-	-	1	2	1,909	4,913	4	383	4	54	88	13,977	7,627	19,952	176	1,947	2,304	11,164	340	10,790	247	11,887	454	3,043	634	8,702	553	9,511	24	5,248	318	3,343	187	1,538	241	1,181	961	2,772
2015	종로구	종로5·6가동	7,726	2,536	25,723	16,203	9,520	-	-	-	-	881	2,470	-	-	1	10	26	306	5,205	11,935	71	1,950	628	2,055	65	1,412	38	1,013	171	731	115	1,147	60	669	5	291	45	380	101	390	41	108	273	856
2015	종로구	이화동	1,338	429	18,241	7,689	10,552	-	-	-	-	89	290	1	2	-	-	17	453	244	1,139	37	92	359	1,985	71	690	9	91	47	140	106	1,438	14	189	3	69	40	1,991	26	8,400	152	881	123	391
2015	종로구	창신1동	2,288	716	7,073	3,431	3,642	-	-	-	-	312	659	-	-	1	45	7	18	1,316	2,811	42	146	265	794	9	52	30	356	60	232	27	98	16	933	1	14	17	110	37	230	37	214	111	361
2015	종로구	창신2동	844	283	2,155	989	1,166	-	-	-	-	374	973	-	-	-	-	11	18	133	227	38	42	116	249	2	3	6	133	17	24	6	19	9	12	2	41	10	24	23	203	17	37	80	150
2015	종로구	창신3동	261	77	808	442	366	-	-	-	-	41	105	-	-	1	38	5	13	51	114	52	90	27	55	3	8	1	7	23	63	3	13	-	-	2	50	12	123	9	75	1	7	30	47
2015	종로구	숭인1동	522	169	1,595	756	839	-	-	-	-	156	492	-	-	-	-	8	14	120	324	42	62	52	138	9	23	1	13	20	43	19	83	7	46	1	12	12	45	20	164	6	15	49	121
2015	종로구	숭인2동	1,873	513	7,424	3,603	3,821	-	-	-	-	273	939	-	-	-	-	34	281	807	2,006	65	236	266	707	28	156	50	914	84	237	39	311	29	813	3	69	33	319	27	91	38	177	97	168
2015	종로구	청운효자동	1,007	431	6,275	3,563	2,712	-	-	-	-	47	108	-	-	-	-	22	140	248	627	47	124	246	692	36	185	11	126	54	145	78	416	12	67	10	1,758	40	722	33	441	25	414	98	310
2015	종로구	혜화동	1,790	677	9,667	4,861	4,806	-	-	-	-	32	90	-	-	-	-	27	174	327	1,116	82	161	632	2,496	46	266	11	98	58	167	89	661	32	225	6	133	78	2,577	49	300	175	748	146	455
2015	중구	소계	66,190	24,249	423,808	234,337	189,471	-	-	3	7	10,259	29,501	7	1,048	8	159	451	7,364	34,785	100,132	1,666	16,214	6,142	32,250	1,105	28,536	1,329	67,203	1,750	10,133	3,008	39,106	1,415	41,010	65	19,394	508	9,983	697	8,718	584	3,980	2,408	9,070
2015	중구	소공동	4,208	1,246	72,671	41,936	30,735	-	-	-	-	113	363	-	-	-	-	32	852	1,392	9,198	330	6,675	743	6,421	111	4,863	279	19,901	143	1,129	435	7,826	264	10,811	5	81	42	1,909	71	792	48	539	200	1,311
2015	중구	회현동	10,216	5,264	53,872	29,270	24,602	-	-	-	-	244	716	1	122	-	-	18	781	8,256	20,657	116	2,143	655	3,488	40	5,088	200	10,989	145	977	80	3,629	102	2,762	6	441	21	224	65	442	36	753	231	660
2015	중구	명동	6,881	2,005	122,217	67,837	54,380	-	-	-	-	337	1,133	5	767	1	20	37	2,173	1,887	13,015	271	3,753	1,294	9,414	248	11,327	505	30,117	348	3,383	578	13,163	529	12,761	16	15,040	59	861	169	1,752	77	549	520	2,989
2015	중구	필동	3,326	833	26,810	14,986	11,824	-	-	-	-	1,100	4,778	-	-	1	33	26	765	476	1,912	43	256	476	1,802	202	2,456	52	1,184	107	416	479	2,660	63	2,716	8	1,256	56	3,833	41	1,395	56	698	140	650
2015	중구	장충동	908	254	9,553	5,694	3,859	-	-	-	-	122	492	1	159	1	5	19	1,041	239	1,901	25	334	167	1,714	44	680	9	70	41	511	90	1,216	25	419	3	114	19	121	12	64	20	410	71	302
2015	중구	광희동	9,459	3,198	39,381	21,600	17,781	-	-	2	3	2,777	7,330	-	-	-	-	41	491	4,674	13,502	105	670	682	3,286	93	958	92	1,573	174	971	400	5,524	95	1,640	3	1,146	26	256	41	1,290	55	150	199	591
2015	중구	을지로동	10,028	2,142	30,478	19,752	10,726	-	-	-	-	3,870	9,121	-	-	-	-	66	256	4,013	9,242	81	556	570	1,701	157	1,291	91	1,915	195	514	511	1,886	103	1,641	4	576	23	128	43	780	67	202	234	669
2015	중구	신당5동	1,346	476	3,957	1,939	2,018	-	-	1	4	290	967	-	-	1	2	28	107	411	1,000	65	155	221	514	18	61	7	70	46	94	24	78	14	50	2	36	24	282	37	253	38	88	119	196
2015	중구	황학동	2,038	644	7,077	3,925	3,152	-	-	-	-	226	487	-	-	-	-	23	76	1,158	2,952	75	131	291	777	10	63	11	171	54	149	24	82	8	1,675	2	14	11	93	19	110	23	45	103	252
2015	중구	중림동	1,058	330	7,419	4,050	3,369	-	-	-	-	79	285	-	-	1	32	18	60	288	1,256	87	753	212	617	42	1,030	25	628	53	310	48	1,085	26	299	3	40	29	449	33	207	23	79	91	289
2015	중구	신당동	12,641	6,478	29,091	12,396	16,695	-	-	-	-	567	1,581	-	-	1	30	30	45	10,873	21,452	75	224	342	1,035	28	125	32	386	215	925	142	405	104	1,176	7	525	15	512	25	224	44	177	141	269
2015	중구	다산동	1,430	451	9,640	4,638	5,002	-	-	-	-	162	605	-	-	-	-	47	318	407	1,485	110	192	173	546	55	358	10	100	70	213	104	1,099	52	3,434	1	16	44	416	46	399	30	78	119	381
2015	중구	약수동	906	365	3,524	1,728	1,796	-	-	-	-	45	177	-	-	1	21	25	101	231	756	103	152	137	405	20	78	5	44	62	262	32	115	11	205	3	82	52	198	48	667	29	87	102	174
2015	중구	청구동	813	268	4,296	2,617	1,679	-	-	-	-	88	373	-	-	1	16	24	237	220	664	105	131	86	274	24	105	6	23	43	99	36	174	14	1,366	1	14	57	455	21	163	17	83	70	119
2015	중구	동화동	932	295	3,822	1,969	1,853	-	-	-	-	239	1,093	-	-	-	-	17	61	260	1,140	75	89	93	256	13	53	5	32	54	180	25	164	5	55	1	13	30	246	26	180	21	42	68	218
2015	용산구	소계	21,178	7,030	133,446	76,287	57,159	-	-	-	-	1,100	3,444	3	55	12	167	440	7,483	7,714	30,638	1,292	4,458	4,245	18,235	602	7,519	312	5,781	1,035	4,653	819	11,387	355	13,396	48	4,257	541	8,129	541	5,909	397	2,023	1,722	5,912
2015	용산구	후암동	858	320	5,134	2,340	2,794	-	-	-	-	58	174	-	-	-	-	26	400	219	603	104	112	166	483	19	526	3	25	43	75	27	190	8	1,546	3	99	39	247	40	318	11	111	92	225
2015	용산구	용산2가동	614	199	3,132	1,694	1,438	-	-	-	-	46	101	-	-	-	-	13	23	144	276	85	130	137	505	14	72	3	22	27	49	24	44	5	104	3	1,074	20	452	17	88	12	66	64	126
2015	용산구	남영동	1,706	619	16,467	9,624	6,843	-	-	-	-	73	320	1	7	1	15	24	1,734	441	2,014	45	927	469	2,541	55	690	94	2,929	60	231	67	1,868	63	1,436	3	56	55	374	63	463	60	298	132	564
2015	용산구	원효로2동	1,127	286	8,176	5,436	2,740	-	-	-	-	31	112	-	-	1	22	30	286	539	2,629	93	143	110	287	37	778	7	59	49	553	26	149	17	1,408	1	14	43	1,065	23	147	17	49	103	475
2015	용산구	효창동	479	144	2,582	1,515	1,067	-	-	-	-	19	46	-	-	-	-	30	543	107	429	74	247	55	136	19	96	3	36	25	55	14	66	8	89	1	14	38	248	33	365	9	27	44	185
2015	용산구	용문동	656	271	1,763	905	858	-	-	-	-	26	106	-	-	-	-	23	98	210	614	89	99	115	237	12	82	3	17	28	65	10	15	2	15	1	14	27	79	25	143	12	24	73	155
2015	용산구	이촌1동	836	398	4,069	1,838	2,231	-	-	-	-	5	13	-	-	-	-	13	45	235	586	27	210	191	776	7	38	20	189	87	461	14	119	2	7	3	49	50	604	58	423	21	116	103	433
2015	용산구	이촌2동	350	93	823	566	257	-	-	-	-	13	24	-	-	2	30	11	24	84	219	100	111	29	60	7	52	2	18	28	89	2	5	4	14	2	42	13	21	8	38	1	1	44	75
2015	용산구	이태원1동	1,716	760	8,014	4,269	3,745	-	-	-	-	55	99	-	-	-	-	14	48	744	1,441	30	72	608	3,304	16	102	21	93	41	228	32	120	18	315	5	1,661	8	108	18	216	15	33	91	174
2015	용산구	이태원2동	788	287	3,340	1,997	1,343	-	-	-	-	23	61	-	-	-	-	12	137	178	886	62	89	309	1,201	14	96	11	51	48	315	28	89	7	24	1	14	13	174	19	86	12	30	51	87
2015	용산구	서빙고동	413	127	4,337	2,785	1,552	-	-	-	-	11	41	-	-	1	2	23	1,014	113	945	65	254	52	227	13	435	4	28	23	196	17	86	7	33	2	42	22	258	7	51	8	372	45	353
2015	용산구	보광동	803	319	2,068	1,137	931	-	-	-	-	27	36	-	-	1	36	20	30	190	390	115	121	168	418	2	7	4	29	51	100	21	73	6	48	2	52	28	308	29	161	13	18	126	241
2015	용산구	청파동	1,890	666	9,173	4,455	4,718	-	-	-	-	381	1,137	1	1	-	-	33	257	396	896	129	263	395	1,032	61	427	14	101	78	166	44	689	30	360	3	36	61	2,714	37	381	39	165	188	548
2015	용산구	원효로1동	1,917	544	11,433	7,479	3,954	-	-	-	-	136	483	1	47	-	-	36	629	791	3,460	77	358	302	1,033	85	424	37	453	91	360	89	695	28	2,023	3	431	35	332	44	314	38	73	124	318
2015	용산구	한강로동	4,943	1,240	36,080	21,271	14,809	-	-	-	-	124	462	-	-	6	62	70	1,178	2,829	11,784	98	1,103	602	2,703	180	3,224	60	1,495	199	1,259	220	4,567	93	4,858	13	620	51	534	65	648	56	280	277	1,303
2015	용산구	한남동	2,082	757	16,855	8,976	7,879	-	-	-	-	72	229	-	-	-	-	62	1,037	494	3,466	99	219	537	3,292	61	470	26	236	157	451	184	2,612	57	1,116	2	39	38	611	55	2,067	73	360	165	650
2015	성동구	소계	26,130	7,617	162,019	97,243	64,776	-	-	-	-	4,650	28,795	10	816	31	439	661	6,049	7,090	31,229	2,641	7,832	3,494	11,232	707	8,114	289	3,662	1,156	5,269	1,023	9,883	307	16,968	44	4,052	785	11,076	654	6,965	522	2,000	2,066	7,638
2015	성동구	왕십리2동	760	278	2,371	1,048	1,323	-	-	-	-	158	554	-	-	-	-	22	117	151	408	103	136	87	193	6	24	5	40	51	163	11	39	8	54	2	21	30	166	27	243	18	49	81	164
2015	성동구	마장동	3,248	808	12,544	8,370	4,174	-	-	-	-	312	1,024	2	144	2	23	44	252	1,670	5,197	533	965	233	689	22	66	10	131	83	280	38	373	10	1,853	3	188	50	421	51	403	30	130	155	405
2015	성동구	사근동	1,092	377	11,115	5,854	5,261	-	-	-	-	45	142	-	-	2	4	11	28	191	588	72	86	431	1,779	23	95	10	58	40	106	44	530	22	57	2	70	51	5,277	12	1,921	59	169	77	205
2015	성동구	행당1동	1,399	553	8,665	4,427	4,238	-	-	-	-	84	259	2	246	-	-	25	284	421	1,476	102	228	294	1,395	28	300	14	141	61	241	30	185	15	116	7	2,194	59	335	66	535	39	234	152	496
2015	성동구	행당2동	565	252	1,917	744	1,173	-	-	-	-	13	32	-	-	-	-	21	37	121	322	87	107	63	211	2	3	5	45	35	146	9	22	4	8	2	50	73	511	41	232	11	36	78	155
2015	성동구	응봉동	378	127	1,008	536	472	-	-	-	-	13	26	-	-	1	2	19	69	62	128	108	123	37	93	2	3	2	8	22	108	2	3	-	-	2	37	35	236	17	88	10	16	46	68
2015	성동구	금호1가동	541	192	1,943	940	1,003	-	-	-	-	45	207	1	20	-	-	14	111	88	250	105	145	69	183	5	23	4	30	36	131	7	49	5	13	2	51	41	270	32	206	15	61	72	193
2015	성동구	금호4가동	618	255	1,887	860	1,027	-	-	-	-	42	126	-	-	1	2	10	80	141	373	69	90	117	300	2	3	5	55	44	119	14	31	4	10	2	16	30	247	41	241	20	46	76	148
2015	성동구	성수1가1동	1,486	380	6,747	4,324	2,423	-	-	-	-	498	2,163	1	119	-	-	34	269	316	1,098	144	219	121	314	42	327	6	72	62	181	64	397	11	170	1	17	52	488	26	195	21	504	87	214
2015	성동구	성수1가2동	2,128	527	16,991	10,475	6,516	-	-	-	-	464	2,824	1	4	7	67	77	915	478	3,423	169	872	268	826	139	2,111	10	285	97	470	126	1,227	32	2,453	2	23	58	418	29	205	41	76	130	792
2015	성동구	성수2가1동	2,568	684	18,130	11,596	6,534	-	-	-	-	719	4,352	-	-	-	-	58	495	604	4,585	203	596	335	848	113	1,881	8	308	79	249	115	1,274	34	1,278	5	809	32	522	43	267	49	129	171	537
2015	성동구	성수2가3동	4,918	1,013	44,795	29,202	15,593	-	-	-	-	1,501	13,647	-	-	4	31	156	2,172	1,151	7,836	374	1,668	409	1,646	241	2,847	37	841	192	1,651	367	4,505	85	4,259	2	65	42	643	42	367	73	162	242	2,455
2015	성동구	송정동	702	185	2,650	1,648	1,002	-	-	-	-	128	648	-	-	2	4	36	179	151	377	113	288	77	153	4	10	1	1	22	27	53	238	6	15	3	272	14	78	13	141	12	17	67	202
2015	성동구	용답동	2,108	560	15,296	9,642	5,654	-	-	-	-	204	1,248	2	282	9	280	50	430	760	2,768	141	1,855	252	700	37	160	114	638	88	275	57	723	33	4,354	2	56	38	244	42	392	40	102	239	789
2015	성동구	왕십리도선동	1,848	655	10,617	5,205	5,412	-	-	-	-	284	1,069	1	1	2	24	42	482	422	1,522	116	193	387	1,059	29	218	44	905	117	738	56	184	29	2,285	3	89	65	545	73	857	38	88	140	358
2015	성동구	금호2.3가동	975	415	2,528	1,116	1,412	-	-	-	-	98	285	-	-	-	-	16	37	206	419	142	185	191	403	2	10	8	63	52	141	7	38	5	23	2	47	40	141	54	437	21	84	131	215
2015	성동구	옥수동	796	356	2,815	1,256	1,559	-	-	-	-	42	189	-	-	1	2	26	92	157	459	60	76	123	440	10	33	6	41	75	243	23	65	4	20	2	47	75	534	45	235	25	97	122	242
2015	광진구	소계	24,531	8,627	123,689	69,279	54,410	-	-	-	-	1,917	8,187	2	93	16	145	836	10,047	6,214	20,209	2,511	7,399	4,555	16,636	407	3,778	202	2,998	1,187	3,946	813	4,828	390	9,258	39	3,081	1,100	13,897	849	9,244	875	3,546	2,618	6,397
2015	광진구	화양동	2,379	832	14,521	7,473	7,048	-	-	-	-	69	284	-	-	1	17	33	159	461	1,594	106	177	900	4,083	47	200	14	96	101	298	73	347	50	357	2	84	75	3,455	65	2,341	153	433	229	596
2015	광진구	군자동	1,595	560	9,606	5,115	4,491	-	-	-	-	151	599	-	-	-	-	48	255	357	1,399	142	576	343	1,156	39	237	9	129	77	207	40	289	26	1,241	2	24	65	2,460	59	502	59	139	178	393
2015	광진구	중곡1동	1,623	556	6,630	4,034	2,596	-	-	-	-	294	1,582	-	-	1	2	64	485	462	1,432	156	361	240	529	18	118	8	67	66	125	32	206	21	888	2	43	34	94	41	259	34	61	150	378
2015	광진구	중곡2동	1,666	615	7,315	3,752	3,563	-	-	-	-	208	881	-	-	1	17	73	1,034	386	1,356	170	302	210	550	19	129	14	185	73	145	49	209	33	797	3	52	76	341	71	715	50	94	230	508
2015	광진구	중곡3동	1,344	492	4,807	2,490	2,317	-	-	-	-	247	895	-	-	-	-	52	340	284	1,052	173	329	219	480	5	20	3	27	43	61	16	64	10	122	2	45	36	190	54	729	44	111	156	342
2015	광진구	중곡4동	1,515	522	4,786	2,661	2,125	-	-	-	-	202	779	-	-	1	23	45	231	346	881	294	494	205	496	3	14	6	82	47	116	14	43	10	54	3	74	59	645	53	320	45	122	182	412
2015	광진구	능동	740	238	5,680	2,655	3,025	-	-	-	-	35	152	-	-	-	-	20	115	198	1,063	59	113	137	578	19	173	17	168	42	101	41	327	12	97	4	415	36	1,399	23	341	40	467	57	171
2015	광진구	구의1동	1,894	661	7,100	4,165	2,935	-	-	-	-	87	350	-	-	3	12	74	667	400	1,006	138	316	386	971	62	245	17	130	112	264	177	720	42	646	3	364	61	416	48	340	83	155	201	498
2015	광진구	구의2동	1,240	409	5,035	2,794	2,241	-	-	-	-	102	497	1	86	-	-	38	204	251	850	236	477	210	547	14	70	15	365	48	128	21	335	14	54	1	20	67	452	50	571	33	77	139	302
2015	광진구	구의3동	2,618	891	17,302	11,282	6,020	-	-	-	-	47	317	-	-	3	8	69	3,658	1,137	3,339	141	1,002	370	1,450	49	1,113	24	231	120	651	96	821	42	2,349	1	19	169	908	77	500	73	242	200	694
2015	광진구	광장동	1,375	477	10,901	5,887	5,014	-	-	-	-	54	220	1	7	3	37	74	894	348	1,410	78	115	206	2,149	36	113	28	859	108	579	63	348	33	685	2	82	105	1,511	62	364	35	1,171	139	357
2015	광진구	자양1동	1,743	633	9,053	5,384	3,669	-	-	-	-	110	444	-	-	1	25	71	570	487	1,182	171	1,288	258	614	38	131	16	271	96	301	59	401	27	1,029	3	989	70	276	81	1,055	52	94	203	383
2015	광진구	자양2동	1,496	464	7,978	4,651	3,327	-	-	-	-	99	429	-	-	2	4	98	552	275	935	241	605	200	559	32	1,003	10	183	81	336	65	360	24	602	4	727	83	775	53	353	51	111	178	444
2015	광진구	자양3동	1,310	521	5,908	2,713	3,195	-	-	-	-	50	162	-	-	-	-	30	127	295	1,396	206	224	232	1,206	12	162	13	152	95	409	30	124	13	195	3	69	111	695	47	476	33	95	140	416
2015	광진구	자양4동	1,993	756	7,067	4,223	2,844	-	-	-	-	162	596	-	-	-	-	47	756	527	1,314	200	1,020	439	1,268	14	50	8	53	78	225	37	234	33	142	4	74	53	280	65	378	90	174	236	503
2015	동대문구	소계	32,994	10,813	143,858	77,571	66,287	-	-	1	3	3,511	13,374	1	1	17	134	777	6,390	11,740	33,122	3,600	7,362	5,101	14,308	280	2,247	305	4,920	1,303	4,558	631	7,423	371	7,927	52	3,980	945	15,933	935	13,750	700	2,002	2,724	6,424
2015	동대문구	회기동	964	395	10,333	4,510	5,823	-	-	-	-	25	63	-	-	-	-	7	37	203	592	42	49	397	1,315	16	489	11	67	26	58	17	55	12	47	1	21	60	3,833	22	3,376	45	85	80	246
2015	동대문구	휘경1동	1,035	379	4,584	2,255	2,329	-	-	-	-	70	225	-	-	1	2	25	133	262	1,024	93	126	239	729	16	39	4	32	55	203	18	97	21	847	1	27	37	356	36	260	38	114	119	370
2015	동대문구	휘경2동	1,156	278	5,308	2,569	2,739	-	-	-	-	42	373	-	-	1	3	22	103	141	508	561	587	122	331	7	12	4	19	50	136	7	110	10	262	7	252	50	1,097	41	1,313	16	38	75	164
2015	동대문구	청량리동	1,727	637	8,561	4,628	3,933	-	-	-	-	94	296	-	-	2	24	40	122	479	1,057	166	186	353	959	19	111	23	478	72	251	81	1,280	26	325	4	1,064	49	780	82	958	56	217	181	453
2015	동대문구	용신동	5,795	1,743	32,090	18,296	13,794	-	-	-	-	980	3,596	1	1	4	39	162	1,352	2,370	7,343	237	588	729	1,894	82	501	112	2,389	234	827	166	3,749	89	3,713	9	1,650	78	1,150	93	1,772	79	355	370	1,171
2015	동대문구	제기동	4,820	1,659	12,227	6,807	5,420	-	-	-	-	374	925	-	-	1	2	48	166	2,944	6,206	169	263	552	1,114	21	98	27	272	118	377	47	456	32	352	4	161	52	441	143	779	35	83	253	532
2015	동대문구	전농1동	2,412	911	8,614	4,265	4,349	-	-	-	-	149	489	-	-	1	3	66	219	870	2,559	245	868	497	1,684	11	116	11	93	76	126	34	115	20	66	6	118	69	365	54	1,091	69	159	234	543
2015	동대문구	전농2동	916	320	4,819	2,518	2,301	-	-	-	-	46	180	-	-	-	-	16	125	187	553	175	175	127	385	12	26	5	42	32	109	30	200	11	42	2	174	82	2,261	43	237	31	85	117	225
2015	동대문구	답십리1동	2,242	622	10,292	6,015	4,277	-	-	1	3	155	620	-	-	-	-	55	1,544	735	2,118	428	1,586	251	705	18	44	25	210	136	488	56	413	41	601	3	71	56	426	68	967	45	119	169	377
2015	동대문구	답십리2동	2,030	537	6,140	3,672	2,468	-	-	-	-	194	651	-	-	-	-	56	277	845	2,413	303	376	181	411	7	20	6	38	69	472	21	77	11	36	2	28	55	282	60	434	39	123	181	502
2015	동대문구	장안1동	4,530	1,320	21,265	11,882	9,383	-	-	-	-	829	3,661	-	-	3	7	146	1,651	1,446	5,179	424	1,179	546	1,602	41	661	57	1,119	195	983	107	688	54	1,489	7	279	83	699	96	971	84	270	412	827
2015	동대문구	장안2동	3,146	1,167	10,951	5,386	5,565	-	-	-	-	474	2,047	-	-	2	19	66	240	847	2,577	403	725	533	1,786	16	79	10	83	123	282	27	121	17	96	2	59	165	1,043	105	1,058	93	215	263	521
2015	동대문구	이문1동	1,519	596	6,688	3,613	3,075	-	-	-	-	44	121	-	-	1	2	49	259	297	736	174	185	457	1,175	11	47	7	68	70	132	18	60	23	42	2	60	61	3,006	57	311	59	121	189	363
2015	동대문구	이문2동	702	249	1,986	1,155	831	-	-	-	-	35	127	-	-	1	33	19	162	114	257	180	469	117	218	3	4	3	10	47	114	2	2	4	9	2	16	48	194	35	223	11	18	81	130
2015	중랑구	소계	27,287	8,952	99,241	51,968	47,273	-	-	2	8	3,440	14,883	3	105	19	208	906	5,146	5,540	16,872	6,225	12,937	4,010	10,406	141	1,098	134	1,833	999	2,785	322	1,805	248	2,474	44	3,236	880	7,874	885	9,720	770	2,200	2,719	5,651
2015	중랑구	면목2동	1,991	630	5,844	3,224	2,620	-	-	-	-	436	1,761	-	-	-	-	90	386	402	902	368	715	244	477	15	77	3	45	68	124	26	103	10	28	2	75	50	266	44	494	39	72	194	319
2015	중랑구	면목4동	1,089	375	3,530	1,951	1,579	-	-	-	-	163	690	-	-	1	1	49	258	172	415	242	736	138	273	3	10	3	6	50	102	17	63	6	17	4	70	55	340	33	240	24	127	129	182
2015	중랑구	면목5동	932	266	3,204	1,900	1,304	-	-	-	-	241	967	-	-	3	19	47	151	209	670	169	619	92	196	1	2	3	17	21	44	6	12	13	79	2	67	4	36	14	141	19	38	88	146
2015	중랑구	면목7동	1,473	525	4,048	2,023	2,025	-	-	-	-	209	877	-	-	1	8	50	134	353	783	261	403	201	472	3	10	9	156	64	166	14	62	5	32	2	21	34	175	57	312	38	98	172	339
2015	중랑구	상봉1동	1,116	358	6,990	3,801	3,189	-	-	-	-	83	585	-	-	-	-	36	669	270	955	266	1,454	129	666	10	272	12	426	49	293	10	44	16	121	1	22	51	790	50	344	22	56	111	293
2015	중랑구	상봉2동	2,081	749	10,834	5,542	5,292	-	-	-	-	244	1,110	-	-	1	4	71	369	453	3,313	165	450	523	1,592	23	149	19	299	74	206	45	609	30	780	2	16	35	389	51	515	152	547	193	486
2015	중랑구	중화1동	1,047	335	3,483	1,564	1,919	-	-	-	-	116	605	1	26	2	6	38	110	182	548	244	297	96	200	6	151	3	28	50	114	22	100	9	32	2	20	77	607	45	369	15	27	139	243
2015	중랑구	중화2동	2,136	764	6,769	3,841	2,928	-	-	-	-	253	944	-	-	4	28	79	425	523	1,193	341	942	404	922	9	29	14	139	66	245	26	176	24	433	4	112	25	90	59	426	71	166	234	499
2015	중랑구	묵1동	1,515	532	5,495	2,681	2,814	-	-	-	-	70	366	1	78	-	-	51	463	323	1,140	356	394	243	708	17	64	11	105	86	203	14	93	12	66	2	51	59	608	64	494	42	159	164	503
2015	중랑구	묵2동	1,775	527	4,548	2,392	2,156	-	-	1	4	157	653	-	-	-	-	61	302	324	842	609	624	223	473	12	79	4	40	53	162	16	81	14	155	3	52	45	395	44	278	38	66	171	342
2015	중랑구	망우3동	1,089	384	3,471	1,763	1,708	-	-	-	-	250	1,136	-	-	-	-	45	163	189	418	233	461	126	258	2	8	2	16	27	47	6	24	11	60	1	17	35	350	32	305	16	47	114	161
2015	중랑구	신내1동	1,777	543	9,197	5,162	4,035	-	-	-	-	92	325	-	-	3	80	62	638	303	1,013	544	1,944	234	757	8	51	9	70	70	220	20	72	15	159	2	311	114	500	80	2,409	52	141	169	507
2015	중랑구	신내2동	1,143	423	6,095	2,939	3,156	-	-	-	-	15	27	1	1	-	-	17	76	214	550	356	408	122	427	8	110	4	35	47	216	29	129	16	96	7	2,167	101	799	81	742	23	86	102	226
2015	중랑구	면목본동	2,405	881	6,965	3,234	3,731	-	-	1	4	435	1,823	-	-	1	1	74	323	545	1,266	354	571	379	882	6	25	10	120	93	153	23	57	21	131	3	59	65	392	72	552	55	111	268	495
2015	중랑구	면목3.8동	2,828	735	8,069	4,517	3,552	-	-	-	-	308	1,288	-	-	1	15	49	294	403	904	1,135	1,637	397	977	5	15	8	81	74	181	17	74	18	107	3	58	62	1,179	61	716	85	168	202	375
2015	중랑구	망우본동	2,890	925	10,699	5,434	5,265	-	-	-	-	368	1,726	-	-	2	46	87	385	675	1,960	582	1,282	459	1,126	13	46	20	250	107	309	31	106	28	178	4	118	68	958	98	1,383	79	291	269	535
2015	성북구	소계	24,690	8,883	113,893	57,411	56,482	-	-	-	-	2,519	9,617	2	6	16	184	594	3,894	5,453	16,944	3,601	6,921	4,411	13,302	253	1,923	158	1,675	1,081	2,981	482	3,086	224	6,013	53	4,010	1,302	23,211	1,009	11,251	684	2,088	2,848	6,787
2015	성북구	돈암1동	387	141	1,764	868	896	-	-	-	-	17	68	-	-	-	-	11	211	66	149	95	101	31	101	-	-	2	7	34	131	3	9	1	25	1	17	44	653	22	174	8	22	52	96
2015	성북구	돈암2동	369	167	1,917	631	1,286	-	-	-	-	4	14	-	-	-	-	6	12	50	144	79	79	35	68	4	21	7	51	31	122	4	8	1	616	2	65	54	385	29	175	10	49	53	108
2015	성북구	안암동	1,454	438	14,300	7,565	6,735	-	-	-	-	86	388	-	-	-	-	38	229	317	1,322	92	131	448	1,731	31	302	12	92	54	153	57	309	37	349	1	17	58	6,003	37	2,697	51	148	135	429
2015	성북구	보문동	1,442	389	5,350	2,971	2,379	-	-	-	-	233	682	-	-	1	17	35	375	306	1,143	399	495	155	407	11	40	9	151	48	136	30	116	14	582	5	116	29	273	35	477	12	25	120	315
2015	성북구	정릉1동	755	266	2,012	1,018	994	-	-	-	-	56	162	-	-	1	2	26	88	139	325	159	185	109	277	4	4	3	26	36	127	9	28	3	9	3	58	60	152	31	385	17	43	99	141
2015	성북구	정릉2동	898	299	2,991	1,623	1,368	-	-	-	-	40	120	-	-	-	-	18	209	144	526	244	428	125	354	5	13	6	56	47	125	6	11	3	31	2	43	55	299	49	452	30	90	124	234
2015	성북구	정릉3동	687	254	4,366	2,447	1,919	-	-	-	-	30	124	-	-	1	2	14	18	115	278	140	377	161	440	6	21	2	11	20	37	6	67	5	56	2	23	38	2,377	22	196	21	49	104	290
2015	성북구	정릉4동	876	291	3,996	2,404	1,592	-	-	-	-	38	133	1	5	-	-	20	144	164	347	194	1,062	143	388	6	27	5	33	41	98	9	18	3	53	3	64	49	897	51	396	25	83	124	248
2015	성북구	길음1동	1,098	489	3,790	1,416	2,374	-	-	-	-	32	102	-	-	-	-	9	14	256	617	147	182	204	610	-	-	10	85	81	236	12	31	10	58	3	71	93	792	88	607	24	47	129	338
2015	성북구	길음2동	1,198	545	5,112	2,190	2,922	-	-	-	-	33	127	-	-	-	-	19	273	443	1,558	112	131	230	821	8	223	6	27	48	186	25	111	13	132	2	22	62	303	45	767	26	125	126	306
2015	성북구	월곡1동	1,353	456	5,645	2,758	2,887	-	-	-	-	186	791	-	-	2	22	37	261	339	1,097	189	206	170	513	13	71	12	158	52	223	11	27	8	485	2	80	66	578	73	545	26	76	167	512
2015	성북구	월곡2동	1,606	571	8,399	4,041	4,358	-	-	-	-	236	1,090	-	-	1	3	28	87	365	1,104	190	232	294	949	21	97	8	66	58	173	41	1,137	12	226	2	21	63	1,801	64	857	52	187	171	369
2015	성북구	장위1동	1,054	367	2,734	1,254	1,480	-	-	-	-	181	811	-	-	-	-	26	86	221	466	218	223	132	243	1	1	4	34	38	54	6	9	3	9	1	25	30	226	32	179	23	29	138	339
2015	성북구	장위2동	1,638	579	4,952	2,516	2,436	-	-	-	-	391	1,520	-	-	-	-	45	128	389	830	208	414	244	459	9	26	8	64	47	97	17	38	13	406	2	76	38	232	39	336	29	45	159	281
2015	성북구	장위3동	902	255	3,880	2,238	1,642	-	-	-	-	165	893	-	-	1	26	33	150	200	572	161	920	102	236	1	2	1	11	30	59	5	10	13	40	2	49	35	319	25	246	21	103	107	244
2015	성북구	성북동	1,077	427	5,462	2,666	2,796	-	-	-	-	33	76	1	1	-	-	26	201	235	962	81	113	208	911	51	455	10	122	58	144	60	338	14	468	3	46	88	760	45	275	29	114	135	476
2015	성북구	삼선동	1,889	747	10,767	5,482	5,285	-	-	-	-	95	337	-	-	2	3	41	180	454	1,526	162	198	422	1,073	27	112	22	154	74	183	92	455	33	899	6	2,523	101	1,826	89	633	72	200	197	465
2015	성북구	동선동	1,899	755	10,276	4,818	5,458	-	-	-	-	58	167	-	-	1	2	47	570	402	1,517	81	331	549	1,987	34	436	9	87	101	255	47	222	20	546	2	30	131	2,562	85	621	83	241	249	702
2015	성북구	종암동	2,006	735	7,243	3,623	3,620	-	-	-	-	349	1,044	-	-	-	-	48	304	387	954	280	294	293	848	12	35	13	360	83	233	22	55	8	167	6	599	132	916	82	816	67	202	224	416
2015	성북구	석관동	2,102	712	8,937	4,882	4,055	-	-	-	-	256	968	-	-	6	107	67	354	461	1,507	370	819	356	886	9	37	9	80	100	209	20	87	10	856	3	65	76	1,857	66	417	58	210	235	478
2015	강북구	소계	18,654	6,738	69,787	33,584	36,203	-	-	-	-	1,564	6,105	2	206	8	149	481	2,018	3,976	10,676	3,131	6,539	3,667	10,438	98	688	236	4,218	759	1,831	279	987	169	3,239	45	2,861	662	5,694	740	7,280	620	1,730	2,217	5,128
2015	강북구	번1동	1,733	654	9,093	4,053	5,040	-	-	-	-	103	357	-	-	3	70	50	467	396	1,198	170	363	355	1,091	14	31	98	2,231	85	251	53	203	30	575	4	393	59	390	65	690	55	313	193	470
2015	강북구	번2동	650	146	3,203	2,019	1,184	-	-	-	-	53	371	1	129	-	-	21	77	107	323	223	708	56	126	5	41	1	6	26	103	7	29	6	168	5	244	9	127	28	521	20	103	82	127
2015	강북구	번3동	866	214	2,833	1,644	1,189	-	-	-	-	55	347	-	-	-	-	14	32	105	355	375	694	82	237	1	5	2	13	32	117	5	21	6	48	2	40	42	232	37	279	21	90	87	323
2015	강북구	수유1동	1,462	554	5,039	2,319	2,720	-	-	-	-	130	530	-	-	-	-	30	133	455	986	212	617	252	504	1	5	7	44	47	111	10	31	13	242	3	51	44	658	54	493	39	93	165	541
2015	강북구	수유2동	1,357	492	4,510	2,111	2,399	-	-	-	-	133	486	-	-	1	50	55	205	303	741	219	263	193	478	9	39	7	101	50	103	9	30	14	698	2	50	63	221	51	476	43	76	205	493
2015	강북구	수유3동	2,305	938	8,887	4,108	4,779	-	-	-	-	147	551	-	-	-	-	52	173	517	1,440	172	276	649	2,048	17	157	48	719	94	196	61	209	22	130	4	1,305	32	203	89	634	163	351	238	495
2015	강북구	삼양동	1,159	415	3,208	1,476	1,732	-	-	-	-	141	487	-	-	-	-	19	33	225	534	247	453	145	267	3	9	4	24	40	79	6	14	3	59	2	49	59	449	62	418	33	67	170	266
2015	강북구	미아동	1,655	625	6,249	2,706	3,543	-	-	-	-	142	583	1	77	-	-	41	126	351	919	219	251	361	862	5	38	25	486	92	170	19	72	20	194	5	172	44	888	67	764	46	92	217	555
2015	강북구	송중동	2,004	712	7,991	3,606	4,385	-	-	-	-	154	578	-	-	1	2	44	129	444	1,441	274	309	463	2,068	16	168	23	390	81	172	30	109	26	584	3	148	77	558	72	671	66	183	230	481
2015	강북구	송천동	2,188	818	7,090	3,370	3,720	-	-	-	-	328	1,196	-	-	1	24	75	277	455	1,317	260	487	428	953	10	56	10	115	91	199	51	199	13	62	6	232	68	762	71	476	46	83	275	652
2015	강북구	삼각산동	761	299	2,194	886	1,308	-	-	-	-	16	59	-	-	-	-	8	12	118	279	184	184	129	291	2	8	4	26	48	126	7	13	3	7	2	48	79	520	67	449	15	33	79	139
2015	강북구	우이동	996	380	4,027	2,504	1,523	-	-	-	-	37	130	-	-	-	-	17	121	204	535	187	1,220	332	979	3	14	2	28	24	106	10	21	3	99	2	19	20	119	29	253	37	146	89	237
2015	강북구	인수동	1,518	491	5,463	2,782	2,681	-	-	-	-	125	430	-	-	2	3	55	233	296	608	389	714	222	534	12	117	5	35	49	98	11	36	10	373	5	110	66	567	48	1,156	36	100	187	349
2015	도봉구	소계	18,455	6,142	68,669	36,066	32,603	1	1	1	6	1,071	4,263	-	-	12	119	493	2,832	3,667	11,499	4,786	9,675	2,675	7,469	88	642	127	1,443	790	2,778	331	1,589	160	1,505	36	3,359	942	7,560	770	7,840	508	1,508	1,997	4,581
2015	도봉구	쌍문1동	910	301	3,888	1,788	2,100	-	-	-	-	49	178	-	-	-	-	25	63	164	446	290	580	128	340	4	13	3	20	30	61	4	6	5	11	2	50	48	1,305	38	563	19	88	101	164
2015	도봉구	쌍문2동	1,278	460	5,301	2,539	2,762	-	-	-	-	86	383	-	-	1	2	51	307	288	911	237	592	175	538	6	43	5	85	51	133	19	71	13	267	2	46	75	489	70	848	37	103	162	483
2015	도봉구	쌍문3동	960	330	3,779	1,953	1,826	-	-	-	-	75	331	-	-	1	21	37	247	256	716	134	145	148	456	9	257	4	28	45	95	5	47	14	41	2	48	44	159	36	920	26	51	124	217
2015	도봉구	쌍문4동	611	230	1,892	891	1,001	-	-	-	-	8	16	-	-	-	-	12	26	89	189	198	198	52	156	2	4	2	22	28	96	4	9	-	-	1	19	97	862	26	124	12	27	80	144
2015	도봉구	방학1동	2,346	913	10,651	5,788	4,863	-	-	-	-	119	460	-	-	1	2	60	385	545	2,113	357	1,303	488	1,242	7	52	20	249	112	292	43	319	21	105	8	1,557	104	527	106	1,058	99	207	256	780
2015	도봉구	방학2동	1,222	416	2,929	1,489	1,440	-	-	-	-	148	491	-	-	-	-	42	229	307	654	251	272	155	302	2	5	5	38	24	32	8	20	7	57	1	23	41	235	37	302	29	44	165	225
2015	도봉구	방학3동	863	262	2,984	1,488	1,496	-	-	-	-	13	43	-	-	-	-	17	82	107	326	351	688	88	296	1	1	3	32	44	164	3	15	2	4	2	50	71	482	59	551	18	57	84	193
2015	도봉구	창1동	1,361	397	3,672	1,775	1,897	-	-	-	-	29	119	-	-	1	4	29	154	200	564	588	620	146	423	9	66	8	147	62	183	9	30	11	166	2	48	52	431	59	426	28	84	128	207
2015	도봉구	창2동	1,368	454	4,278	2,291	1,987	-	-	-	-	187	1,092	-	-	1	4	31	92	286	779	328	548	150	324	3	7	3	27	57	134	10	47	8	49	2	53	60	258	48	482	34	104	160	278
2015	도봉구	창3동	961	341	2,027	956	1,071	-	-	-	-	84	266	-	-	-	-	28	59	219	437	233	239	157	295	2	3	4	11	32	59	4	12	1	2	1	19	27	184	35	245	24	42	110	154
2015	도봉구	창4동	1,293	433	7,590	3,823	3,767	-	-	-	-	22	63	-	-	1	9	30	625	293	1,566	212	730	204	636	23	64	29	375	72	334	67	391	19	287	4	483	98	1,024	64	388	44	347	111	268
2015	도봉구	창5동	2,150	513	7,136	3,875	3,261	-	-	-	-	52	192	-	-	-	-	33	214	282	1,050	962	1,274	229	1,067	8	60	19	125	85	293	25	103	16	98	3	141	127	781	81	939	53	135	175	664
2015	도봉구	도봉1동	1,673	595	5,804	3,401	2,403	1	1	1	6	150	529	-	-	5	74	54	194	385	973	269	1,323	337	893	9	54	12	50	66	113	23	90	15	76	2	52	42	434	53	453	53	115	196	374
2015	도봉구	도봉2동	1,459	497	6,738	4,009	2,729	-	-	-	-	49	100	-	-	1	3	44	155	246	775	376	1,163	218	501	3	13	10	234	82	789	107	429	28	342	4	770	56	389	58	541	32	104	145	430
2015	노원구	소계	25,827	9,000	114,736	55,090	59,646	1	2	-	-	841	4,019	4	219	14	146	494	2,302	5,105	15,649	6,338	11,822	4,111	14,041	158	1,079	236	4,232	1,219	4,762	397	3,027	213	4,271	39	3,268	1,880	20,976	1,354	15,854	800	2,622	2,623	6,445
2015	노원구	월계1동	1,421	484	5,453	3,262	2,191	-	-	-	-	71	397	-	-	-	-	26	109	253	681	295	772	317	956	12	39	4	40	64	167	24	88	15	196	1	14	59	1,046	62	411	70	149	148	388
2015	노원구	월계2동	971	255	3,439	1,941	1,498	-	-	-	-	34	216	-	-	-	-	16	55	122	303	434	687	117	291	5	14	-	-	28	114	9	40	6	60	2	52	58	1,184	38	234	17	51	85	138
2015	노원구	월계3동	945	300	3,588	1,739	1,849	-	-	-	-	7	12	-	-	-	-	6	26	151	674	405	826	88	261	5	27	3	24	50	235	12	81	6	111	2	78	52	530	72	462	13	40	73	201
2015	노원구	공릉2동	1,884	607	11,972	6,319	5,653	1	2	-	-	76	573	-	-	-	-	29	263	303	810	463	863	347	1,027	30	97	10	74	99	393	40	493	16	50	2	20	146	4,810	75	1,677	72	464	175	356
2015	노원구	하계1동	985	360	7,550	3,736	3,814	-	-	-	-	52	501	-	-	-	-	19	106	260	1,104	150	609	170	708	1	3	4	36	47	283	16	158	10	266	3	561	73	1,195	44	1,471	25	148	111	401
2015	노원구	하계2동	370	116	1,240	530	710	-	-	-	-	4	9	-	-	-	-	6	9	38	102	154	156	32	94	-	-	2	15	24	162	3	7	1	1	1	15	35	422	25	170	3	7	42	71
2015	노원구	중계본동	1,161	430	5,330	2,676	2,654	-	-	-	-	41	153	-	-	-	-	27	172	179	600	201	318	167	543	4	191	3	27	61	281	12	46	11	393	1	21	253	1,853	43	286	43	152	115	294
2015	노원구	중계1동	940	369	4,171	1,816	2,355	-	-	-	-	4	8	-	-	-	-	11	34	146	617	162	165	123	553	1	1	5	66	70	300	9	24	7	10	2	53	232	1,704	49	264	26	172	93	200
2015	노원구	중계4동	1,037	417	3,850	1,724	2,126	-	-	-	-	13	36	-	-	1	10	19	89	213	608	192	234	226	625	3	8	7	59	52	178	10	49	4	27	1	16	77	867	58	677	56	131	105	236
2015	노원구	상계1동	3,018	691	9,674	5,488	4,186	-	-	-	-	53	286	-	-	4	25	51	341	364	1,460	1,509	2,166	354	1,220	17	104	6	50	106	363	36	336	21	609	3	77	119	800	94	1,081	67	157	214	599
2015	노원구	상계2동	2,456	1,056	9,735	4,014	5,721	-	-	-	-	85	256	-	-	3	7	42	125	762	2,357	159	356	619	2,475	16	126	11	107	115	277	34	147	17	234	2	57	104	691	101	1,297	111	317	275	906
2015	노원구	상계5동	1,353	540	3,723	1,625	2,098	-	-	-	-	83	262	-	-	2	27	36	104	315	666	195	235	225	409	4	25	5	40	56	122	19	62	15	520	1	18	91	251	51	561	51	84	204	337
2015	노원구	상계8동	558	230	1,949	730	1,219	-	-	-	-	6	11	-	-	-	-	10	25	85	235	153	153	62	182	2	7	4	39	27	167	2	5	-	-	1	15	58	532	81	431	17	56	50	91
2015	노원구	상계9동	696	266	2,459	1,082	1,377	-	-	-	-	5	8	-	-	-	-	9	43	112	326	258	268	61	194	-	-	4	49	30	160	2	3	3	14	2	56	81	919	57	290	14	30	58	99
2015	노원구	상계10동	458	156	2,116	1,186	930	-	-	-	-	1	1	-	-	1	26	7	15	60	139	153	714	36	105	1	5	9	43	21	110	12	30	6	55	2	75	52	487	33	157	14	30	50	124
2015	노원구	상계3.4동	1,635	582	5,226	2,827	2,399	-	-	-	-	106	361	-	-	-	-	41	132	345	660	368	1,290	241	446	10	25	3	19	61	177	18	55	18	438	3	76	63	309	62	653	47	93	249	492
2015	노원구	상계6.7동	1,889	677	16,046	6,154	9,892	-	-	-	-	19	30	4	219	-	-	28	117	305	1,215	261	309	327	1,623	13	118	131	3,312	134	665	36	212	20	235	5	1,871	171	1,691	206	3,772	53	222	176	435
2015	노원구	중계2.3동	1,345	601	5,351	2,217	3,134	-	-	-	-	22	81	-	-	-	-	12	22	495	1,320	320	336	168	978	4	97	2	28	44	242	9	31	4	28	2	84	62	999	78	681	20	144	103	280
2015	노원구	공릉1동	2,705	863	11,864	6,024	5,840	-	-	-	-	159	818	-	-	3	51	99	515	597	1,772	506	1,365	431	1,351	30	192	23	204	130	366	94	1,160	33	1,024	3	109	94	686	125	1,279	81	175	297	797
2015	은평구	소계	24,179	9,029	87,693	42,879	44,814	-	-	-	-	970	3,298	3	150	14	189	656	5,044	5,154	15,272	5,041	8,740	4,016	11,281	161	1,085	170	2,633	1,256	2,964	353	1,546	164	1,704	51	3,860	1,415	10,669	1,075	11,041	729	1,973	2,951	6,244
2015	은평구	녹번동	1,850	595	9,221	4,833	4,388	-	-	-	-	96	375	2	142	-	-	96	828	315	1,184	397	437	254	771	36	112	5	44	104	322	81	360	27	429	6	1,905	79	559	62	1,044	55	141	235	568
2015	은평구	불광1동	1,684	695	6,968	2,649	4,319	-	-	-	-	49	128	-	-	-	-	32	109	332	1,155	279	305	303	1,083	7	54	41	1,167	113	355	17	181	9	16	3	314	102	579	105	687	55	184	237	651
2015	은평구	갈현1동	1,402	530	5,011	2,296	2,715	-	-	-	-	63	211	-	-	-	-	30	97	286	1,005	187	345	362	1,181	6	11	20	435	57	142	17	134	6	15	3	34	66	252	69	697	76	149	154	303
2015	은평구	갈현2동	1,541	646	5,733	2,397	3,336	-	-	-	-	73	226	-	-	-	-	30	202	373	1,067	208	218	317	907	3	13	9	123	50	84	15	84	4	11	2	79	154	1,389	57	756	64	136	182	438
2015	은평구	구산동	1,205	394	5,220	2,397	2,823	-	-	-	-	48	238	-	-	-	-	23	68	197	436	380	838	123	317	4	8	4	28	55	125	8	25	6	248	2	28	102	1,038	63	1,395	21	88	169	340
2015	은평구	대조동	2,522	1,153	8,130	3,584	4,546	-	-	-	-	76	193	-	-	-	-	60	307	824	2,169	230	281	530	1,631	20	295	13	184	124	249	30	109	21	82	4	306	107	583	131	917	71	195	281	629
2015	은평구	응암1동	1,692	670	7,550	3,791	3,759	-	-	-	-	75	248	-	-	2	17	63	1,079	397	1,611	221	271	274	873	13	78	13	115	119	302	68	274	17	100	4	158	100	1,057	84	839	56	127	186	401
2015	은평구	응암2동	684	256	2,065	970	1,095	-	-	-	-	34	124	-	-	1	1	12	110	122	280	181	234	89	207	1	6	4	17	43	94	6	13	3	9	2	53	33	158	34	562	18	46	101	151
2015	은평구	신사1동	1,249	451	3,870	2,009	1,861	-	-	-	-	59	253	-	-	-	-	35	361	232	537	305	439	161	424	8	99	6	55	72	171	12	21	13	50	2	19	78	559	56	529	41	66	169	287
2015	은평구	신사2동	1,599	281	3,330	2,219	1,111	-	-	-	-	32	78	-	-	1	45	26	104	135	277	1,038	1,356	74	154	8	17	1	5	39	108	5	22	10	83	3	82	73	581	38	242	9	11	107	165
2015	은평구	증산동	1,146	396	4,256	2,534	1,722	-	-	-	-	59	271	-	-	1	14	45	444	252	749	252	923	167	385	13	78	5	38	66	147	14	72	7	93	2	17	51	420	43	251	43	110	126	244
2015	은평구	수색동	735	251	2,770	1,781	989	-	-	-	-	40	118	1	8	3	7	14	52	190	591	146	932	137	275	2	27	6	52	30	89	7	30	6	18	3	72	23	120	22	162	17	40	88	177
2015	은평구	진관동	1,256	518	6,463	3,251	3,212	-	-	-	-	8	16	-	-	2	79	13	55	208	624	271	1,107	216	761	4	198	10	74	112	293	10	36	8	32	5	323	132	1,412	88	816	28	301	141	336
2015	은평구	불광2동	1,322	569	4,235	1,850	2,385	-	-	-	-	41	118	-	-	1	2	28	120	361	770	227	235	219	507	8	20	15	144	60	112	10	24	8	202	4	351	66	670	50	502	30	81	194	377
2015	은평구	응암3동	1,771	703	4,834	2,236	2,598	-	-	-	-	89	284	-	-	-	-	33	139	427	1,093	248	297	412	909	5	10	7	75	72	123	11	23	5	31	2	28	81	594	73	553	76	141	230	534
2015	은평구	역촌동	2,521	921	8,037	4,082	3,955	-	-	-	-	128	417	-	-	3	24	116	969	503	1,724	471	522	378	896	23	59	11	77	140	248	42	138	14	285	4	91	168	698	100	1,089	69	157	351	643
2015	서대문구	소계	19,612	7,253	111,615	56,198	55,417	-	-	-	-	777	2,748	3	523	10	169	483	3,753	4,214	14,644	2,928	5,786	4,280	14,745	369	3,172	205	5,299	931	2,764	508	5,724	373	7,558	45	4,318	1,021	15,984	727	17,432	557	1,799	2,181	5,197
2015	서대문구	천연동	902	373	2,826	1,327	1,499	-	-	-	-	62	164	-	-	-	-	23	57	216	456	79	118	178	417	16	82	5	28	43	131	10	35	13	98	4	131	64	369	54	407	22	86	113	247
2015	서대문구	홍제1동	1,088	435	4,442	2,167	2,275	-	-	-	-	38	204	-	-	-	-	39	599	220	800	160	234	172	454	17	46	10	128	62	239	27	111	18	36	2	46	86	767	65	445	21	56	151	277
2015	서대문구	홍제3동	1,249	518	4,073	1,822	2,251	-	-	-	-	66	219	-	-	-	-	31	102	364	811	163	186	224	586	13	72	7	69	44	105	16	43	8	147	2	148	72	516	56	636	37	72	146	361
2015	서대문구	홍제2동	568	249	1,712	846	866	-	-	-	-	18	95	1	233	-	-	9	31	110	259	60	72	82	198	9	23	4	24	46	114	21	79	4	10	1	12	52	130	35	231	22	51	94	150
2015	서대문구	홍은1동	954	358	2,325	1,160	1,165	-	-	-	-	37	84	1	50	-	-	25	46	238	473	184	259	139	290	19	48	4	29	44	113	9	31	4	7	3	81	60	231	35	294	23	89	129	200
2015	서대문구	홍은2동	1,132	377	5,819	3,186	2,633	-	-	-	-	58	204	-	-	1	18	31	108	186	623	248	730	216	1,036	10	16	4	29	49	201	13	25	12	70	4	58	86	1,774	46	545	35	105	133	277
2015	서대문구	남가좌1동	676	321	1,535	618	917	-	-	-	-	30	63	-	-	-	-	3	6	253	427	51	52	191	391	2	6	5	50	33	61	5	20	9	31	1	14	7	15	31	258	15	43	40	98
2015	서대문구	남가좌2동	1,445	541	4,170	2,087	2,083	-	-	-	-	62	186	-	-	2	84	55	148	326	706	216	225	286	681	13	68	7	56	71	117	15	34	17	187	2	56	73	764	48	287	55	123	197	448
2015	서대문구	북가좌1동	631	193	2,911	1,785	1,126	-	-	-	-	20	71	-	-	-	-	22	50	108	410	209	988	59	229	11	97	7	24	35	169	5	9	3	12	1	16	44	387	35	253	9	29	63	167
2015	서대문구	북가좌2동	2,349	615	6,899	3,821	3,078	-	-	-	-	86	393	-	-	4	23	59	338	296	704	1,043	1,522	249	571	20	193	9	75	90	261	24	70	20	1,195	4	89	105	317	77	596	51	107	212	445
2015	서대문구	충현동	1,822	610	24,280	14,633	9,647	-	-	-	-	58	213	1	240	2	41	53	928	339	3,385	77	444	415	1,296	101	1,558	90	4,209	86	317	145	2,631	117	4,255	9	1,997	68	1,561	52	552	41	154	168	499
2015	서대문구	북아현동	750	255	2,023	1,027	996	-	-	-	-	89	262	-	-	-	-	15	44	199	384	117	122	89	242	7	16	3	32	72	131	11	35	6	14	2	44	26	248	30	233	13	80	71	136
2015	서대문구	신촌동	3,747	1,568	37,178	15,232	21,946	-	-	-	-	48	181	-	-	-	-	20	60	794	3,113	59	281	1,536	6,900	73	660	34	409	158	504	108	2,170	89	1,127	5	275	172	7,736	100	11,892	157	536	394	1,334
2015	서대문구	연희동	2,299	840	11,422	6,487	4,935	-	-	-	-	105	409	-	-	1	3	98	1,236	565	2,093	262	553	444	1,454	58	287	16	137	98	301	99	431	53	369	5	1,351	106	1,169	63	803	56	268	270	558
2015	마포구	소계	36,504	11,901	252,534	141,953	110,581	-	-	-	-	1,456	5,772	7	437	27	346	1,152	14,703	8,049	34,481	3,072	14,219	7,511	28,077	2,654	37,404	599	15,520	1,783	6,603	2,549	21,042	1,063	31,684	61	4,346	1,533	15,479	1,088	8,904	910	4,230	2,990	9,287
2015	마포구	용강동	2,653	777	19,599	12,203	7,396	-	-	-	-	73	245	1	85	2	7	76	2,213	682	3,777	173	1,398	405	1,696	222	1,404	67	971	154	932	227	1,410	124	2,812	5	275	108	967	47	275	64	186	223	946
2015	마포구	대흥동	1,635	566	11,034	5,293	5,741	-	-	-	-	74	251	-	-	-	-	26	113	313	964	83	217	403	1,064	45	332	44	817	104	380	89	557	35	1,699	3	142	99	2,957	92	545	49	348	176	648
2015	마포구	염리동	710	261	6,603	3,766	2,837	-	-	-	-	40	176	-	-	-	-	13	30	154	400	68	1,397	128	358	32	425	7	1,906	43	130	25	76	10	439	4	208	52	646	18	149	13	23	103	240
2015	마포구	신수동	1,171	343	5,355	2,944	2,411	-	-	-	-	67	366	-	-	3	14	48	276	249	961	150	538	162	472	79	335	6	105	77	191	87	353	19	305	3	185	53	447	34	423	20	66	114	318
2015	마포구	서교동	9,736	3,149	60,674	30,869	29,805	-	-	-	-	241	1,250	-	-	2	47	242	3,683	2,118	9,983	323	1,887	2,669	11,807	925	7,459	149	3,392	360	1,326	864	4,773	345	7,563	6	141	361	2,336	205	1,713	309	1,304	617	2,010
2015	마포구	합정동	2,120	654	14,565	9,115	5,450	-	-	-	-	95	529	-	-	4	46	126	1,669	424	1,575	180	1,439	403	1,132	211	2,063	79	3,572	77	161	168	787	39	347	2	20	59	356	44	317	55	134	154	418
2015	마포구	망원1동	1,728	502	4,751	2,789	1,962	-	-	-	-	82	204	-	-	1	2	54	495	350	881	503	626	245	674	46	264	8	80	65	110	48	211	17	181	3	81	45	147	58	320	46	121	157	354
2015	마포구	망원2동	1,368	487	5,079	3,043	2,036	-	-	-	-	84	306	-	-	3	9	77	522	318	886	199	883	196	469	35	187	6	38	71	177	47	192	21	225	2	18	80	395	45	282	37	98	147	392
2015	마포구	연남동	1,406	496	5,874	3,144	2,730	-	-	-	-	51	187	-	-	1	1	54	722	292	1,081	110	224	383	996	92	436	3	17	52	163	95	420	59	719	2	55	40	407	23	167	28	69	121	210
2015	마포구	성산1동	1,522	416	11,416	7,572	3,844	-	-	-	-	75	347	-	-	2	90	127	1,402	348	1,643	165	478	185	614	128	853	7	48	59	126	114	785	54	3,631	2	27	52	671	33	218	38	123	133	360
2015	마포구	성산2동	1,814	649	11,362	5,504	5,858	-	-	-	-	51	124	-	-	3	26	59	279	551	1,715	285	797	225	706	29	208	5	42	101	444	62	291	23	2,062	5	1,359	115	1,010	77	981	38	484	185	834
2015	마포구	상암동	2,242	742	35,783	23,148	12,635	-	-	-	-	42	307	1	67	2	81	45	453	315	3,439	181	1,979	562	2,471	380	18,139	32	803	117	717	148	3,230	32	474	7	435	108	1,553	89	675	48	481	133	479
2015	마포구	도화동	2,044	655	16,220	8,426	7,794	-	-	-	-	43	147	-	-	-	-	66	925	494	1,832	160	939	351	1,513	145	1,506	56	853	109	515	143	1,253	76	4,777	1	18	97	454	91	693	46	124	166	671
2015	마포구	서강동	1,735	592	11,355	5,581	5,774	-	-	-	-	40	115	3	283	2	4	34	277	355	1,589	108	388	469	1,772	112	991	10	140	118	262	120	1,300	33	835	2	74	106	2,228	56	657	43	148	124	292
2015	마포구	공덕동	2,726	934	19,681	10,751	8,930	-	-	-	-	297	912	-	-	-	-	64	1,145	576	1,924	244	514	443	1,343	97	1,866	66	1,867	144	540	182	1,667	79	4,419	11	825	93	468	102	984	51	435	277	772
2015	마포구	아현동	1,894	678	13,183	7,805	5,378	-	-	-	-	101	306	2	2	2	19	41	499	510	1,831	140	515	282	990	76	936	54	869	132	429	130	3,737	97	1,196	3	483	65	437	74	505	25	86	160	343
2015	양천구	소계	26,297	9,423	119,443	63,854	55,589	-	-	-	-	1,221	5,388	4	465	23	329	831	9,629	5,744	18,149	5,054	12,432	3,596	12,001	310	5,133	186	2,358	1,267	4,177	706	3,407	242	4,027	47	4,778	2,285	15,066	1,144	12,106	815	2,765	2,822	7,233
2015	양천구	목1동	2,961	1,147	22,234	11,593	10,641	-	-	-	-	25	76	-	-	5	44	53	1,091	1,038	4,339	101	406	525	3,194	150	4,017	62	1,117	125	609	129	730	52	1,244	4	544	247	1,930	119	1,019	105	568	221	1,306
2015	양천구	목2동	1,158	434	4,010	2,159	1,851	-	-	-	-	35	122	-	-	-	-	66	477	245	831	182	233	184	458	8	164	5	64	79	170	24	103	12	78	1	26	75	306	55	443	42	165	145	370
2015	양천구	목3동	1,213	510	4,791	2,604	2,187	-	-	-	-	42	158	-	-	1	11	40	917	300	958	141	170	206	506	10	24	9	93	54	79	29	165	11	336	2	77	66	321	76	450	56	130	170	396
2015	양천구	목4동	1,328	605	4,472	2,194	2,278	-	-	-	-	56	192	-	-	3	69	43	611	305	821	159	182	235	614	5	31	4	39	57	124	11	35	5	15	1	20	134	803	67	464	45	93	198	359
2015	양천구	신월1동	1,747	634	4,893	2,699	2,194	-	-	-	-	206	915	-	-	1	45	78	413	426	972	329	652	248	508	4	9	5	54	63	129	14	34	11	58	2	62	43	205	58	422	55	105	204	310
2015	양천구	신월2동	1,238	358	3,876	2,156	1,720	-	-	-	-	96	445	1	7	2	16	69	328	243	644	352	651	108	248	9	49	4	35	66	158	11	39	11	80	1	16	63	522	51	390	27	43	124	205
2015	양천구	신월3동	974	286	4,147	2,494	1,653	-	-	-	-	85	607	-	-	-	-	34	187	264	728	249	911	116	315	4	11	8	28	21	41	7	96	6	36	2	52	30	596	37	326	17	45	94	168
2015	양천구	신월4동	1,134	393	4,114	2,566	1,548	-	-	-	-	38	239	-	-	-	-	44	606	199	499	340	1,001	167	413	2	6	6	46	52	166	8	26	7	23	1	24	62	284	50	457	24	48	134	276
2015	양천구	신월5동	998	336	4,251	2,391	1,860	-	-	-	-	102	466	-	-	-	-	52	252	225	690	176	376	143	373	4	19	3	18	30	49	7	20	12	710	3	150	47	391	31	366	38	90	125	281
2015	양천구	신월6동	1,575	242	3,523	2,346	1,177	-	-	-	-	50	190	-	-	2	38	24	235	179	447	1,039	1,252	80	198	1	113	4	42	32	78	7	38	8	129	1	13	19	256	31	254	22	44	76	196
2015	양천구	신월7동	1,375	441	5,709	3,720	1,989	-	-	-	-	118	535	-	-	3	13	44	281	248	652	423	1,639	157	348	3	5	3	27	52	106	13	43	6	53	4	695	54	345	56	579	39	159	152	229
2015	양천구	신정1동	1,116	505	5,010	2,247	2,763	-	-	-	-	45	146	-	-	-	-	32	189	202	726	52	68	230	662	13	33	7	60	74	298	67	283	8	46	4	899	129	607	61	403	38	99	154	491
2015	양천구	신정2동	1,088	452	3,580	1,654	1,926	-	-	-	-	29	83	-	-	1	1	31	97	221	643	123	154	151	517	4	15	3	21	67	207	30	94	11	41	1	15	178	928	57	383	47	144	134	237
2015	양천구	신정3동	2,013	674	9,146	5,170	3,976	-	-	-	-	53	312	-	-	-	-	40	1,303	320	877	745	2,172	212	607	7	100	8	66	97	298	16	151	15	208	4	118	136	1,212	109	1,046	52	132	199	544
2015	양천구	신정6동	738	294	6,238	3,359	2,879	-	-	-	-	7	13	2	304	-	-	15	626	125	377	50	51	63	214	9	30	10	133	62	343	48	178	5	61	8	1,777	214	1,304	31	411	21	233	68	183
2015	양천구	신정7동	984	326	4,436	2,437	1,999	-	-	-	-	55	168	-	-	1	3	17	101	170	593	222	993	117	378	5	6	4	42	53	303	14	39	2	5	3	115	108	822	62	453	42	115	109	300
2015	양천구	목5동	1,576	676	10,422	4,301	6,121	-	-	-	-	15	38	1	154	1	59	32	386	306	878	48	57	183	962	29	336	16	234	131	691	35	233	10	100	3	93	513	3,047	65	2,489	39	275	149	390
2015	양천구	신정4동	3,081	1,110	14,591	7,764	6,827	-	-	-	-	164	683	-	-	3	30	117	1,529	728	2,474	323	1,464	471	1,486	43	165	25	239	152	328	236	1,100	50	804	2	82	167	1,187	128	1,751	106	277	366	992
2015	강서구	소계	33,273	11,281	199,289	109,448	89,841	1	28	-	-	1,237	6,742	6	500	44	655	1,043	11,570	8,094	31,565	6,856	49,775	4,901	17,482	539	6,597	292	4,229	1,663	5,902	772	7,965	367	12,867	58	3,405	1,622	13,237	1,339	14,119	955	2,777	3,484	9,874
2015	강서구	염창동	2,190	714	16,307	10,023	6,284	-	-	-	-	107	827	1	365	4	23	96	1,599	490	2,657	315	1,705	261	1,085	97	2,266	19	143	165	955	78	1,115	22	463	2	52	168	910	88	1,014	63	193	214	935
2015	강서구	등촌1동	1,880	611	15,416	9,339	6,077	-	-	-	-	105	974	-	-	3	29	79	1,091	484	2,159	206	1,843	268	1,072	103	1,088	21	294	122	406	109	2,932	30	733	4	373	54	352	66	930	49	194	177	946
2015	강서구	등촌2동	727	263	3,485	1,869	1,616	-	-	-	-	33	141	-	-	-	-	25	92	164	696	141	339	106	331	4	50	3	28	36	86	14	143	10	45	4	150	49	709	26	276	17	61	95	338
2015	강서구	등촌3동	2,425	821	20,629	10,007	10,622	-	-	-	-	59	429	-	-	1	8	66	960	677	3,141	389	1,207	316	1,978	57	653	44	871	130	569	101	656	47	5,695	2	77	161	1,723	104	1,599	62	254	209	809
2015	강서구	화곡본동	1,335	523	4,070	1,733	2,337	-	-	-	-	49	209	-	-	-	-	25	228	268	679	273	316	263	653	8	24	5	48	64	128	15	62	7	24	2	49	85	468	84	839	33	78	154	265
2015	강서구	화곡2동	821	293	2,432	1,234	1,198	-	-	-	-	30	137	-	-	-	-	17	133	309	955	174	195	64	119	1	7	-	-	25	42	6	22	1	2	1	15	61	335	27	262	16	42	89	166
2015	강서구	화곡3동	1,174	447	4,914	2,357	2,557	-	-	-	-	45	180	-	-	1	9	46	284	210	805	169	263	223	706	15	76	27	449	62	164	28	93	13	516	2	42	81	420	55	445	48	115	149	347
2015	강서구	화곡4동	1,401	544	3,745	1,820	1,925	-	-	-	-	85	275	-	-	1	12	36	128	413	1,020	210	271	242	552	7	25	5	52	45	80	11	29	7	19	2	62	52	392	43	356	56	127	186	345
2015	강서구	화곡6동	1,818	663	11,841	5,973	5,868	-	-	-	-	59	310	-	-	2	13	57	740	334	1,591	197	985	481	1,732	26	220	42	879	95	265	94	501	23	817	6	1,292	53	811	71	979	86	206	192	500
2015	강서구	화곡8동	1,167	465	3,380	1,557	1,823	-	-	-	-	28	59	-	-	-	-	29	143	293	786	216	235	185	469	9	169	6	56	70	117	11	76	9	167	1	17	41	101	78	650	32	89	159	246
2015	강서구	가양1동	1,458	402	11,655	7,814	3,841	-	-	-	-	68	464	-	-	7	307	56	1,685	396	2,782	265	1,529	174	653	51	816	24	283	90	461	43	633	16	511	1	16	50	546	41	253	33	134	143	582
2015	강서구	가양2동	652	226	3,460	1,696	1,764	-	-	-	-	14	102	1	2	-	-	16	77	160	619	124	167	67	209	10	27	5	43	41	222	24	112	8	321	2	67	19	316	51	726	25	119	85	331
2015	강서구	가양3동	888	188	6,895	4,173	2,722	-	-	-	-	50	545	-	-	1	4	31	539	210	1,822	258	722	48	219	45	552	1	3	36	206	51	546	16	347	3	433	38	357	31	271	9	53	60	276
2015	강서구	발산1동	2,288	754	11,795	6,514	5,281	-	-	-	-	55	298	-	-	6	73	33	275	903	3,000	366	1,951	253	1,091	4	16	21	365	88	262	25	136	14	299	4	172	177	1,913	98	1,192	42	135	199	617
2015	강서구	공항동	1,885	591	35,952	19,559	16,393	1	28	-	-	63	335	-	-	6	66	90	701	502	1,691	431	28,902	319	1,214	17	65	12	111	61	124	22	84	28	672	8	245	45	571	39	507	55	177	186	459
2015	강서구	방화1동	3,549	903	10,126	5,647	4,479	-	-	-	-	70	310	-	-	-	-	55	519	534	1,433	1,686	2,655	354	1,000	13	67	10	86	153	482	32	100	24	682	1	19	134	1,025	122	1,004	67	161	294	583
2015	강서구	방화2동	2,003	769	11,834	7,078	4,756	-	-	-	-	66	252	1	47	5	51	85	616	657	2,357	333	4,252	323	1,508	12	216	7	68	76	211	25	125	18	443	6	161	56	407	55	539	55	124	223	457
2015	강서구	방화3동	913	266	4,577	2,658	1,919	-	-	-	-	12	39	1	4	5	57	27	131	154	401	329	1,299	90	289	16	53	7	76	51	273	19	344	15	410	3	70	41	496	38	277	13	75	92	283
2015	강서구	화곡1동	3,076	1,185	10,087	5,291	4,796	-	-	-	-	207	728	1	1	1	2	132	1,229	625	1,831	466	531	657	1,948	30	133	15	166	138	382	41	144	32	365	3	73	85	488	126	1,021	148	279	369	766
2015	강서구	우장산동	1,623	653	6,689	3,106	3,583	-	-	-	-	32	128	1	81	1	1	42	400	311	1,140	308	408	207	654	14	74	18	208	115	467	23	112	27	336	1	20	172	897	96	979	46	161	209	623
2015	구로구	소계	37,445	10,600	210,506	123,080	87,426	1	1	-	-	3,746	20,121	4	79	22	211	1,043	10,750	11,920	38,676	4,699	9,578	4,544	14,412	2,075	29,755	406	7,651	1,305	4,859	1,428	14,792	572	22,769	47	4,439	1,143	10,342	1,055	11,775	795	2,011	2,640	8,285
2015	구로구	신도림동	2,699	761	14,948	7,989	6,959	-	-	-	-	724	2,122	-	-	3	14	59	833	671	2,843	171	316	311	2,004	60	629	58	1,553	113	439	63	629	28	1,152	4	47	139	1,167	89	578	47	142	159	480
2015	구로구	구로1동	722	246	3,135	1,604	1,531	-	-	-	-	39	157	-	-	1	2	18	176	130	387	174	383	76	206	17	41	3	28	44	194	17	41	13	542	2	41	51	448	37	201	21	55	79	233
2015	구로구	구로3동	6,797	1,410	82,378	51,615	30,763	-	-	-	-	846	10,617	-	-	5	44	148	2,268	1,415	8,719	165	997	751	3,509	1,610	27,023	128	2,263	242	1,267	774	10,386	166	10,488	7	330	131	1,723	101	955	98	394	210	1,395
2015	구로구	구로4동	1,996	902	5,334	2,533	2,801	-	-	-	-	65	149	2	10	2	22	34	132	572	1,242	160	239	406	847	26	88	28	128	93	281	66	264	66	278	3	88	76	357	100	640	73	126	224	443
2015	구로구	구로5동	4,812	1,301	25,833	14,010	11,823	-	-	-	-	139	835	-	-	1	2	123	2,149	1,429	3,955	1,380	2,432	511	1,853	183	1,193	74	2,740	175	826	158	1,551	88	4,122	4	122	107	765	96	1,362	95	272	249	1,654
2015	구로구	고척1동	2,553	675	9,154	5,422	3,732	-	-	-	-	570	1,402	2	69	3	9	146	715	780	2,082	263	424	288	880	14	34	10	141	63	314	26	119	14	255	3	187	58	993	62	889	63	170	188	471
2015	구로구	고척2동	1,423	524	3,923	1,948	1,975	-	-	-	-	102	308	-	-	-	-	45	158	346	771	282	312	182	398	4	6	4	41	61	171	10	95	10	57	3	95	84	511	71	519	34	118	185	363
2015	구로구	개봉2동	1,131	409	3,016	1,378	1,638	-	-	-	-	24	58	-	-	2	32	31	117	199	586	269	336	161	433	11	34	9	75	57	141	7	15	11	27	2	71	83	254	80	526	39	85	146	226
2015	구로구	개봉3동	992	383	4,194	2,317	1,877	1	1	-	-	48	133	-	-	-	-	42	411	209	677	210	242	152	288	7	58	4	36	35	62	9	26	8	1,125	2	19	63	456	43	296	22	44	137	320
2015	구로구	오류1동	1,091	402	4,783	2,504	2,279	-	-	-	-	26	118	-	-	-	-	27	286	260	707	167	248	218	617	18	79	11	103	60	209	20	92	16	1,066	2	73	40	295	63	475	44	90	119	325
2015	구로구	오류2동	1,518	480	7,377	4,348	3,029	-	-	-	-	68	396	-	-	2	15	39	226	268	893	446	1,278	193	517	13	52	10	67	74	232	21	96	9	122	4	866	112	1,341	85	809	32	74	142	393
2015	구로구	수궁동	1,199	340	5,691	3,666	2,025	-	-	-	-	147	999	-	-	-	-	45	411	208	768	296	875	154	339	14	174	7	40	38	65	10	124	7	14	4	185	53	944	43	415	30	47	143	291
2015	구로구	가리봉동	946	417	3,743	2,331	1,412	-	-	-	-	49	126	-	-	-	-	26	1,195	237	453	79	103	257	441	6	32	10	39	28	59	17	40	26	212	1	38	15	124	27	566	71	114	97	201
2015	구로구	구로2동	7,860	1,730	31,582	18,548	13,034	-	-	-	-	806	2,361	-	-	2	44	205	1,412	4,793	13,469	303	691	605	1,421	87	306	43	327	158	434	206	1,195	90	3,228	4	2,212	58	467	89	2,814	76	175	335	1,026
2015	구로구	개봉1동	1,706	620	5,415	2,867	2,548	-	-	-	-	93	340	-	-	1	27	55	261	403	1,124	334	702	279	659	5	6	7	70	64	165	24	119	20	81	2	65	73	497	69	730	50	105	227	464
2015	금천구	소계	30,080	8,000	223,058	142,086	80,972	-	-	2	2	5,212	44,271	3	11	25	208	1,067	12,634	8,342	37,322	2,771	9,067	3,294	10,623	2,283	33,128	192	2,739	881	3,886	1,798	30,152	469	18,629	33	1,879	603	5,285	616	5,884	520	1,439	1,969	5,899
2015	금천구	가산동	13,045	2,662	151,398	99,676	51,722	-	-	2	2	2,580	29,635	2	8	7	20	366	7,931	3,557	23,069	498	3,615	1,084	4,926	2,125	31,828	108	1,943	340	2,351	1,417	28,011	295	13,455	5	104	139	1,345	79	821	113	378	328	1,956
2015	금천구	독산1동	3,866	1,079	24,185	15,372	8,813	-	-	-	-	1,054	9,067	-	-	5	52	92	1,153	954	4,296	379	1,882	429	1,398	99	708	23	254	146	626	144	1,115	40	581	4	78	65	612	86	1,015	80	250	266	1,098
2015	금천구	독산2동	1,162	418	3,287	1,788	1,499	-	-	-	-	116	356	-	-	-	-	54	345	232	630	218	377	173	359	1	3	5	33	42	66	11	62	5	27	2	45	40	275	61	378	29	62	173	269
2015	금천구	독산3동	2,189	799	8,294	4,751	3,543	-	-	-	-	362	1,304	-	-	-	-	71	263	520	1,203	248	404	342	681	3	11	17	146	83	162	89	409	20	1,773	6	170	48	482	63	717	63	160	254	409
2015	금천구	독산4동	989	389	3,598	1,843	1,755	-	-	-	-	144	689	-	-	3	59	28	80	172	473	145	181	212	560	2	419	5	53	35	92	5	17	16	70	3	125	27	121	32	265	44	144	116	250
2015	금천구	시흥1동	2,905	1,128	14,578	7,555	7,023	-	-	-	-	276	1,358	-	-	3	28	91	907	716	2,221	314	547	616	1,752	17	83	13	151	100	246	39	204	35	2,303	7	1,251	112	859	130	1,510	99	209	337	949
2015	금천구	시흥2동	563	163	1,844	764	1,080	-	-	-	-	7	14	-	-	-	-	10	32	73	157	249	250	38	86	1	2	2	29	29	93	1	2	-	-	1	24	57	706	38	282	6	67	51	100
2015	금천구	시흥3동	3,360	609	10,475	7,700	2,775	-	-	-	-	552	1,449	1	3	6	40	285	1,674	1,756	4,523	221	715	130	294	28	58	12	77	38	101	80	295	52	412	1	16	25	388	19	110	24	34	130	286
2015	금천구	시흥4동	847	287	1,921	870	1,051	-	-	-	-	55	160	-	-	1	9	28	63	130	266	280	325	87	158	4	10	2	15	25	50	3	3	-	-	2	24	38	302	38	268	18	34	136	234
2015	금천구	시흥5동	1,154	466	3,478	1,767	1,711	-	-	-	-	66	239	-	-	-	-	42	186	232	484	219	771	183	409	3	6	5	38	43	99	9	34	6	8	2	42	52	195	70	518	44	101	178	348
2015	영등포구	소계	44,512	13,068	362,524	215,032	147,492	-	-	3	3	4,414	15,113	11	704	19	388	1,381	17,996	12,192	56,809	4,172	14,159	6,946	26,428	1,955	32,854	1,073	55,108	1,947	12,310	2,533	31,614	1,043	49,733	69	8,427	1,281	9,207	1,113	13,933	1,013	4,038	3,347	13,700
2015	영등포구	여의동	8,164	2,277	153,182	95,249	57,933	-	-	1	1	115	636	4	479	3	82	161	5,276	1,758	15,935	181	3,350	1,653	9,983	882	19,657	528	43,524	411	4,252	1,069	18,077	314	17,289	19	4,320	222	1,520	194	3,263	127	1,251	522	4,287
2015	영등포구	당산1동	3,288	959	18,382	10,747	7,635	-	-	-	-	232	654	-	-	-	-	105	1,385	1,149	3,681	174	763	565	1,170	94	470	80	1,819	133	506	254	1,643	63	2,685	5	2,033	48	245	57	585	73	134	256	609
2015	영등포구	당산2동	2,426	794	21,386	11,140	10,246	-	-	-	-	93	606	-	-	3	56	108	1,173	546	2,867	140	899	373	1,404	133	1,235	79	3,098	187	625	175	1,254	73	5,158	5	72	150	1,270	108	672	71	241	182	756
2015	영등포구	양평1동	3,339	562	20,951	13,080	7,871	-	-	-	-	424	1,608	-	-	1	12	86	1,732	652	4,504	1,177	2,026	278	713	123	1,327	27	654	102	543	144	2,215	57	3,702	3	140	50	430	32	437	31	88	152	820
2015	영등포구	양평2동	2,195	594	21,050	13,456	7,594	-	-	-	-	218	1,715	1	109	1	4	84	1,213	524	3,517	169	2,096	311	972	175	2,223	50	1,066	111	403	204	3,014	57	2,552	3	209	77	750	41	431	45	172	124	604
2015	영등포구	신길1동	1,181	449	5,312	3,035	2,277	-	-	-	-	59	151	-	-	-	-	36	124	303	659	125	137	231	510	26	77	5	43	58	1,618	21	347	21	78	2	45	45	218	52	905	51	109	146	291
2015	영등포구	신길3동	1,013	396	3,049	1,667	1,382	-	-	-	-	60	147	-	-	-	-	37	113	316	674	135	146	140	289	7	45	11	121	46	127	8	43	9	557	1	14	39	174	43	307	36	92	125	200
2015	영등포구	신길4동	549	194	1,889	790	1,099	-	-	-	-	30	294	-	-	-	-	21	60	131	414	85	94	87	165	5	48	6	56	27	65	5	14	4	22	1	14	28	133	26	227	14	24	79	259
2015	영등포구	신길5동	702	229	2,968	1,871	1,097	-	-	-	-	41	126	-	-	-	-	44	598	185	517	127	344	113	273	5	23	3	32	21	48	8	20	8	97	3	57	21	384	18	117	20	158	85	174
2015	영등포구	신길6동	1,321	484	4,681	2,224	2,457	-	-	-	-	68	208	-	-	-	-	56	259	273	652	175	210	208	553	15	57	6	35	95	354	59	329	16	430	3	220	76	438	64	499	41	90	166	347
2015	영등포구	신길7동	546	190	2,965	1,551	1,414	-	-	-	-	20	66	1	44	-	-	17	111	130	407	54	65	104	320	18	78	5	23	26	96	18	219	11	557	2	271	34	199	26	272	18	29	62	208
2015	영등포구	대림1동	1,191	496	4,432	1,870	2,562	-	-	-	-	93	272	-	-	-	-	60	154	337	742	108	118	214	479	14	45	9	74	55	110	23	53	14	33	1	15	28	176	57	1,636	35	71	143	454
2015	영등포구	대림2동	1,342	581	4,663	2,342	2,321	-	-	-	-	71	175	-	-	2	3	29	159	338	1,279	105	136	348	852	10	30	29	97	55	104	36	69	35	439	2	19	34	271	37	571	50	120	161	339
2015	영등포구	대림3동	2,850	737	10,764	6,295	4,469	-	-	-	-	245	1,254	-	-	-	-	137	834	631	2,177	751	957	325	810	13	175	28	165	91	241	80	365	87	1,416	2	49	89	572	58	749	89	152	224	848
2015	영등포구	영등포본동	1,476	604	5,366	2,707	2,659	-	-	-	-	39	112	-	-	1	18	32	171	559	1,622	187	535	246	944	15	126	7	46	59	135	22	67	27	88	4	105	58	607	41	287	44	97	135	406
2015	영등포구	영등포동	6,519	2,079	39,367	21,134	18,233	-	-	2	2	528	1,440	1	50	3	24	216	2,233	2,741	8,820	136	607	1,132	5,151	187	3,689	124	2,279	250	941	167	1,611	138	6,455	5	408	122	805	146	2,200	154	847	467	1,805
2015	영등포구	도림동	1,009	347	3,342	2,073	1,269	-	-	-	-	73	223	-	-	-	-	44	414	248	664	134	290	138	300	18	37	7	73	51	107	26	88	16	438	2	49	48	159	32	183	33	56	139	261
2015	영등포구	문래동	5,401	1,096	38,775	23,801	14,974	-	-	-	-	2,005	5,426	4	22	5	189	108	1,987	1,371	7,678	209	1,386	480	1,540	215	3,512	69	1,903	169	2,035	214	2,186	93	7,737	6	387	112	856	81	592	81	307	179	1,032
2015	동작구	소계	19,609	7,593	103,915	53,424	50,491	-	-	-	-	619	2,246	6	421	14	206	575	4,726	4,882	15,286	2,109	3,126	3,938	12,446	270	4,001	200	3,792	1,145	4,382	435	6,572	268	10,806	36	3,701	1,170	13,506	922	10,729	716	2,339	2,304	5,630
2015	동작구	노량진2동	1,465	501	7,140	3,799	3,341	-	-	-	-	33	80	-	-	2	41	18	31	740	2,121	67	84	272	719	13	276	19	299	47	94	21	102	13	477	3	1,822	36	385	23	221	45	111	113	277
2015	동작구	상도1동	1,684	671	8,250	4,423	3,827	-	-	-	-	53	204	-	-	-	-	46	420	310	1,120	204	365	390	1,238	36	192	8	84	100	241	37	148	20	238	3	65	137	2,628	80	660	65	168	195	479
2015	동작구	상도2동	1,265	535	4,607	2,139	2,468	-	-	-	-	43	151	1	56	1	34	37	250	296	801	121	140	226	615	10	22	9	79	93	188	29	119	15	82	3	136	83	548	87	919	49	124	162	343
2015	동작구	상도3동	929	381	2,591	1,232	1,359	-	-	-	-	39	139	-	-	-	-	41	131	224	582	177	251	131	369	1	8	7	47	46	80	7	27	4	52	3	76	32	136	55	393	36	99	126	201
2015	동작구	상도4동	980	354	2,784	1,250	1,534	-	-	-	-	39	146	-	-	1	4	38	89	184	427	243	294	141	314	4	21	2	18	43	99	12	22	5	8	1	20	57	378	59	653	23	46	128	245
2015	동작구	사당1동	1,850	669	10,239	5,181	5,058	-	-	-	-	58	155	1	90	-	-	70	451	363	1,407	133	205	394	1,284	41	401	74	1,941	130	381	81	800	42	1,202	2	62	95	451	84	661	71	159	211	589
2015	동작구	사당3동	980	336	3,921	2,089	1,832	-	-	-	-	37	88	-	-	1	18	38	181	214	490	143	239	128	352	17	52	5	24	64	189	14	26	13	634	2	63	85	1,032	40	214	21	48	158	271
2015	동작구	사당4동	671	267	1,844	859	985	-	-	-	-	29	87	-	-	-	-	28	95	174	485	104	117	96	239	1	1	3	44	32	79	5	14	3	10	1	22	21	108	49	326	20	46	105	171
2015	동작구	사당5동	490	147	1,548	785	763	-	-	-	-	21	56	-	-	2	28	33	129	88	182	108	127	48	118	8	28	1	4	26	66	8	83	6	20	1	11	36	351	18	97	7	106	79	142
2015	동작구	대방동	1,628	610	11,904	6,798	5,106	-	-	-	-	40	248	-	-	1	7	64	1,529	358	1,453	170	330	261	1,037	28	351	12	182	110	352	49	977	26	1,970	2	69	185	1,741	90	675	49	152	183	831
2015	동작구	신대방1동	1,049	426	4,190	2,164	2,026	-	-	-	-	50	164	-	-	2	13	40	281	256	790	100	136	168	420	14	69	15	185	69	238	33	204	23	523	2	71	68	416	56	367	26	67	127	246
2015	동작구	신대방2동	1,229	456	20,312	10,929	9,383	-	-	-	-	64	287	2	256	1	27	33	723	206	1,589	98	164	281	1,052	33	2,144	20	658	71	1,463	63	3,726	35	3,628	5	775	49	439	66	2,464	43	399	159	518
2015	동작구	흑석동	1,528	665	9,421	4,497	4,924	-	-	-	-	42	141	-	-	2	30	38	187	332	789	152	245	398	1,358	16	130	9	79	99	249	19	75	24	300	1	22	92	2,990	64	2,201	49	152	191	473
2015	동작구	노량진1동	2,275	940	9,726	4,685	5,041	-	-	-	-	31	80	1	16	1	4	22	99	750	1,876	166	209	621	2,097	29	189	10	80	118	362	19	54	24	1,528	6	468	126	1,446	64	393	138	497	149	328
2015	동작구	사당2동	1,586	635	5,438	2,594	2,844	-	-	-	-	40	220	1	3	-	-	29	130	387	1,174	123	220	383	1,234	19	117	6	68	97	301	38	195	15	134	1	19	68	457	87	485	74	165	218	516
2015	관악구	소계	26,235	9,672	119,180	61,798	57,382	-	-	1	1	1,353	5,607	-	-	15	194	728	9,779	5,500	16,432	3,949	6,224	5,490	17,350	320	3,307	181	2,117	1,310	3,770	634	4,998	312	9,310	47	3,733	1,229	15,206	1,095	9,922	953	2,917	3,118	8,313
2015	관악구	보라매동	1,421	606	7,131	3,323	3,808	-	-	-	-	70	227	-	-	-	-	42	404	469	1,155	176	284	252	751	18	521	12	116	51	217	18	613	13	579	1	16	58	1,198	53	539	32	66	156	445
2015	관악구	청림동	442	201	1,187	496	691	-	-	-	-	16	47	-	-	-	-	11	19	69	204	81	83	59	137	2	6	1	10	31	94	5	23	3	11	1	18	54	140	33	237	10	38	66	120
2015	관악구	행운동	1,427	564	5,866	2,881	2,985	-	-	-	-	52	225	-	-	1	1	39	377	337	1,364	142	162	266	775	27	292	17	174	69	228	44	172	17	140	3	35	93	653	75	589	46	211	199	468
2015	관악구	낙성대동	1,247	465	9,003	5,040	3,963	-	-	-	-	58	222	-	-	-	-	38	1,468	219	1,030	76	569	408	1,645	28	312	13	97	67	253	52	727	21	1,241	2	73	32	244	48	522	58	248	127	352
2015	관악구	중앙동	1,465	376	6,107	3,420	2,687	-	-	-	-	68	206	-	-	-	-	36	681	209	754	525	582	210	658	8	30	12	160	72	243	31	114	12	526	1	13	50	553	68	507	31	102	132	978
2015	관악구	인헌동	1,094	419	4,637	2,278	2,359	-	-	-	-	59	504	-	-	1	16	25	149	236	603	158	165	192	519	20	413	8	111	59	150	29	262	8	659	2	19	56	311	62	315	43	98	136	343
2015	관악구	남현동	913	352	6,397	3,724	2,673	-	-	-	-	20	92	-	-	-	-	19	591	185	877	87	95	236	1,108	22	178	13	234	38	93	37	765	18	1,293	3	76	52	327	43	230	31	110	109	328
2015	관악구	서원동	1,302	528	7,677	3,606	4,071	-	-	-	-	18	68	-	-	2	44	26	245	314	1,192	114	154	406	1,817	16	109	18	244	52	294	26	125	15	1,372	2	70	44	213	54	1,016	63	205	132	509
2015	관악구	신원동	829	334	2,430	1,070	1,360	-	-	-	-	54	164	-	-	-	-	25	106	229	443	94	95	157	336	4	19	3	20	35	61	19	86	8	107	2	154	39	252	32	202	19	34	109	351
2015	관악구	서림동	904	324	2,663	1,559	1,104	-	-	-	-	31	89	-	-	-	-	27	77	172	456	160	496	220	502	8	35	1	11	48	115	5	17	18	49	2	68	46	319	31	170	39	93	96	166
2015	관악구	신사동	1,428	522	4,470	2,225	2,245	-	-	-	-	137	525	-	-	-	-	65	290	352	960	158	264	229	578	10	23	6	124	74	159	32	115	20	228	2	42	51	369	46	366	43	100	203	327
2015	관악구	신림동	1,634	706	5,899	2,881	3,018	-	-	-	-	41	177	-	-	2	3	28	347	333	1,091	57	66	619	2,030	11	278	10	83	111	256	26	80	18	93	2	54	26	83	61	450	99	247	190	561
2015	관악구	난향동	398	144	2,058	964	1,094	-	-	-	-	17	81	-	-	-	-	7	22	55	134	123	247	43	105	1	10	3	22	21	70	2	2	4	657	2	47	34	333	28	191	12	32	46	105
2015	관악구	조원동	2,066	696	7,075	3,920	3,155	-	-	-	-	228	886	-	-	5	61	72	414	428	1,210	405	499	355	962	26	484	11	69	85	208	53	267	33	478	2	343	41	192	57	469	70	163	195	370
2015	관악구	대학동	1,724	639	12,777	5,940	6,837	-	-	-	-	25	89	-	-	-	-	9	14	200	621	110	388	694	2,281	43	240	7	107	94	219	111	990	31	310	3	38	78	6,100	40	491	145	588	134	301
2015	관악구	은천동	1,643	574	7,623	4,049	3,574	-	-	-	-	123	532	-	-	2	36	48	1,013	320	1,064	268	594	268	673	15	104	11	164	76	182	29	151	19	329	4	153	108	571	68	1,283	43	88	241	686
2015	관악구	성현동	835	277	2,692	1,243	1,449	-	-	-	-	34	163	-	-	-	-	30	120	122	249	209	215	62	154	7	15	2	14	49	132	12	141	2	118	1	20	104	759	54	337	21	70	126	185
2015	관악구	청룡동	1,909	748	12,196	7,414	4,782	-	-	-	-	58	206	-	-	2	33	67	2,991	436	1,109	129	154	409	1,366	41	196	18	220	148	439	61	183	33	204	6	2,374	78	917	86	964	71	189	266	651
2015	관악구	난곡동	918	278	2,474	1,221	1,253	-	-	-	-	39	114	-	-	-	-	33	105	179	434	254	261	100	252	2	6	4	43	28	50	5	10	3	7	1	22	47	468	52	332	27	74	144	296
2015	관악구	삼성동	1,051	377	2,390	1,204	1,186	-	-	-	-	36	79	-	-	-	-	23	42	279	520	297	329	116	185	5	11	4	30	44	107	6	14	4	53	1	20	52	462	34	212	12	17	138	309
2015	관악구	미성동	1,585	542	6,428	3,340	3,088	-	-	1	1	169	911	-	-	-	-	58	304	357	962	326	522	189	516	6	25	7	64	58	200	31	141	12	856	4	78	86	742	70	500	38	144	173	462
2015	서초구	소계	47,061	14,659	439,963	269,984	169,979	-	-	1	4	1,118	7,431	12	320	16	218	2,037	68,590	12,668	70,200	1,406	10,773	6,743	34,503	2,441	32,484	890	14,063	3,019	16,725	6,746	73,378	1,187	41,196	63	10,576	2,452	21,110	1,565	18,618	1,246	5,912	3,451	13,862
2015	서초구	서초1동	3,655	963	31,743	19,795	11,948	-	-	-	-	88	802	-	-	-	-	141	5,020	1,028	5,734	63	664	488	1,981	225	2,706	82	1,045	264	1,038	601	5,886	105	2,583	3	74	135	1,469	111	1,260	84	311	237	1,170
2015	서초구	서초2동	4,520	1,262	49,732	31,411	18,321	-	-	-	-	69	724	3	281	2	25	181	10,758	1,096	6,837	69	775	537	3,327	379	4,625	191	4,154	341	2,085	633	5,556	162	4,444	5	1,460	337	1,956	139	1,202	68	322	308	1,201
2015	서초구	서초3동	7,518	1,790	75,372	46,213	29,159	-	-	-	-	124	1,520	1	1	1	28	232	7,794	1,383	9,269	149	1,138	1,062	5,145	453	8,112	138	2,675	438	2,982	2,251	15,402	213	7,250	12	6,184	229	2,664	131	1,147	250	1,892	451	2,169
2015	서초구	서초4동	2,954	947	27,279	14,140	13,139	-	-	-	-	20	156	-	-	-	-	43	2,488	526	5,266	28	183	549	3,685	83	664	61	712	233	1,293	622	4,678	86	2,251	2	20	213	2,167	237	2,818	73	263	178	635
2015	서초구	잠원동	2,446	832	18,318	10,314	8,004	-	-	1	4	89	943	1	13	2	7	83	2,542	434	2,954	52	185	446	2,285	190	2,009	33	320	196	996	348	2,698	83	1,096	2	20	138	799	97	753	83	260	168	434
2015	서초구	반포본동	655	347	2,668	1,225	1,443	-	-	-	-	14	31	-	-	-	-	11	18	240	506	4	4	105	331	7	151	6	58	39	225	11	61	7	116	2	84	104	855	21	82	13	31	71	115
2015	서초구	반포1동	1,645	615	9,696	5,351	4,345	-	-	-	-	18	108	-	-	-	-	44	969	359	1,684	24	59	302	963	67	563	37	411	132	586	183	1,531	39	643	1	16	94	703	100	761	65	261	180	438
2015	서초구	반포2동	460	212	2,885	1,427	1,458	-	-	-	-	4	7	-	-	1	2	17	168	93	266	12	17	44	164	7	88	11	93	59	470	11	69	9	87	3	202	82	626	32	177	11	204	64	245
2015	서초구	반포3동	958	383	7,474	3,713	3,761	-	-	-	-	9	47	1	5	-	-	14	736	277	1,120	16	85	128	1,240	18	166	18	160	99	962	38	183	13	863	1	16	126	698	91	760	23	105	86	328
2015	서초구	반포4동	3,579	1,638	34,309	18,030	16,279	-	-	-	-	82	163	-	-	1	58	43	2,435	1,825	7,227	59	2,742	533	4,753	71	1,148	44	714	133	664	198	4,145	43	1,171	7	270	235	2,371	64	4,804	58	663	183	981
2015	서초구	방배본동	1,669	626	11,038	5,985	5,053	-	-	-	-	56	169	-	-	-	-	87	516	459	1,969	45	157	307	1,157	70	1,122	13	232	91	583	130	1,494	32	2,316	2	52	93	364	37	274	61	165	186	468
2015	서초구	방배1동	1,756	587	15,680	9,603	6,077	-	-	-	-	57	271	-	-	1	5	92	4,133	413	2,259	52	75	270	1,025	97	828	21	482	137	439	186	1,692	42	2,515	1	16	90	479	69	504	81	233	147	724
2015	서초구	방배2동	1,976	660	19,515	13,351	6,164	-	-	-	-	69	196	1	1	-	-	130	5,754	432	2,798	140	1,235	341	1,778	70	870	68	1,078	140	428	142	1,115	48	1,120	4	612	90	813	60	432	59	141	182	1,144
2015	서초구	방배3동	1,184	388	13,939	9,346	4,593	-	-	-	-	37	121	2	8	3	22	80	3,482	264	2,320	70	385	109	455	77	1,283	19	339	91	496	90	987	30	918	4	87	82	1,412	44	789	27	73	155	762
2015	서초구	방배4동	2,403	765	14,575	8,819	5,756	-	-	-	-	103	364	-	-	1	2	169	2,537	551	2,568	81	300	290	903	122	1,676	45	545	161	621	246	1,703	61	933	1	18	143	925	121	730	62	213	246	537
2015	서초구	양재1동	3,707	1,073	46,803	30,757	16,046	-	-	-	-	105	890	1	8	2	55	219	9,071	862	5,066	231	660	546	2,329	238	3,367	42	508	215	1,579	500	10,977	89	7,255	5	521	159	1,834	124	1,214	106	384	263	1,085
2015	서초구	양재2동	5,332	1,398	50,256	34,353	15,903	-	-	-	-	159	865	2	3	2	14	419	6,687	2,141	11,376	216	1,287	629	2,649	262	3,070	56	517	222	1,215	535	14,972	120	4,885	3	37	82	704	51	339	118	366	315	1,270
2015	서초구	내곡동	644	173	8,681	6,151	2,530	-	-	-	-	15	54	-	-	-	-	32	3,482	285	981	95	822	57	333	5	36	5	20	28	63	21	229	5	750	5	887	20	271	36	572	4	25	31	156
2015	강남구	소계	73,590	22,847	711,278	405,780	305,498	4	79	4	17	1,795	18,777	24	1,778	25	810	2,249	55,801	17,848	145,803	3,143	12,261	11,201	62,097	4,740	64,127	1,757	36,478	5,565	32,264	9,774	116,249	1,891	59,111	56	5,481	3,718	29,180	2,914	37,899	1,695	8,761	5,187	24,305
2015	강남구	신사동	4,958	1,860	29,398	14,158	15,240	-	-	-	-	256	1,077	1	3	-	-	101	867	1,328	6,698	57	435	898	4,857	235	2,150	27	243	259	1,054	698	4,452	97	1,453	2	63	253	1,378	351	3,091	96	431	299	1,146
2015	강남구	논현1동	5,770	1,672	43,779	23,465	20,314	-	-	-	-	165	1,478	-	-	-	-	195	3,079	1,439	10,351	94	312	802	3,985	490	4,784	89	1,738	429	1,775	980	6,950	195	4,000	2	68	113	711	222	2,464	144	644	411	1,440
2015	강남구	논현2동	5,731	1,664	65,282	37,941	27,341	-	-	1	5	174	1,545	-	-	-	-	202	7,848	1,189	12,580	192	1,618	970	4,861	501	6,569	99	1,532	405	2,337	1,063	11,928	155	7,248	5	649	127	2,007	182	1,767	119	701	347	2,087
2015	강남구	삼성1동	4,292	1,235	69,772	43,426	26,346	1	1	-	-	73	815	2	11	1	14	109	2,838	1,447	23,591	118	810	700	5,706	272	11,965	115	2,525	274	1,893	555	9,775	154	4,154	5	627	91	979	97	1,319	70	1,335	208	1,414
2015	강남구	삼성2동	3,872	1,144	37,420	21,034	16,386	-	-	2	7	105	507	-	-	1	44	137	1,511	859	5,948	72	670	527	2,669	334	4,379	160	3,278	370	1,836	582	6,022	133	4,997	4	1,962	136	1,081	100	1,100	88	389	262	1,020
2015	강남구	대치1동	1,013	430	7,103	3,129	3,974	-	-	-	-	10	22	-	-	-	-	17	73	158	551	12	18	152	1,010	7	21	34	530	102	367	16	459	3	8	3	148	285	2,721	91	670	33	141	90	364
2015	강남구	대치4동	3,756	1,243	29,049	16,873	12,176	-	-	-	-	73	268	1	273	5	194	77	844	830	6,639	57	391	662	3,029	176	2,056	95	2,844	299	1,770	327	4,303	67	1,061	2	99	546	2,767	120	1,039	104	432	315	1,040
2015	강남구	역삼1동	15,116	4,077	154,595	91,400	63,195	1	1	-	-	178	1,474	7	423	1	67	383	12,354	3,268	25,710	164	1,540	2,439	14,621	1,414	14,675	533	12,861	1,264	8,066	2,783	35,819	498	10,499	7	699	537	3,614	404	5,516	317	1,365	918	5,291
2015	강남구	역삼2동	3,489	989	40,726	24,689	16,037	-	-	-	-	68	941	-	-	1	1	120	5,997	780	6,263	91	806	485	2,017	276	3,260	132	3,632	367	2,713	513	5,069	117	6,548	2	62	129	1,030	109	1,078	94	403	205	906
2015	강남구	도곡1동	1,656	498	19,542	11,527	8,015	-	-	-	-	32	1,568	1	72	-	-	68	2,208	371	2,567	55	270	236	1,106	121	1,866	40	539	157	745	164	3,835	44	400	-	-	96	748	100	2,837	40	298	131	483
2015	강남구	도곡2동	1,970	637	22,083	13,409	8,674	-	-	-	-	54	176	3	190	1	4	94	3,031	527	3,297	31	622	281	1,614	132	3,489	60	964	164	1,514	235	2,749	33	2,402	2	18	126	978	61	347	54	253	112	435
2015	강남구	개포1동	490	178	1,694	1,112	582	-	-	-	-	7	11	-	-	1	3	25	182	107	241	142	543	28	50	4	4	2	18	52	217	6	10	-	-	1	15	28	231	15	65	3	4	69	100
2015	강남구	개포4동	2,403	636	12,402	8,325	4,077	-	-	-	-	84	299	-	-	-	-	219	2,531	781	3,022	168	255	229	651	92	693	9	56	112	506	271	1,672	47	693	3	78	77	477	56	649	79	236	176	584
2015	강남구	일원본동	526	229	8,164	2,456	5,708	-	-	-	-	3	11	-	-	-	-	17	37	100	334	81	98	53	308	10	13	7	56	55	239	13	19	3	10	2	50	65	691	37	6,064	12	59	68	175
2015	강남구	일원1동	1,917	338	6,527	4,311	2,216	-	-	-	-	27	69	3	129	2	61	55	1,027	209	700	1,062	1,075	175	584	15	116	6	38	31	82	42	216	23	927	1	15	50	570	56	448	56	186	104	284
2015	강남구	일원2동	646	223	8,585	6,189	2,396	-	-	-	-	10	20	3	296	2	137	25	208	172	669	87	235	81	259	7	585	6	49	44	1,024	29	264	13	3,233	2	379	46	260	42	651	16	73	61	243
2015	강남구	수서동	1,650	368	16,875	10,593	6,282	2	77	-	-	43	486	1	8	1	1	103	2,783	554	3,541	143	841	189	965	87	541	12	285	83	472	170	1,471	63	3,572	2	47	35	496	52	737	23	207	87	345
2015	강남구	세곡동	897	300	4,598	2,512	2,086	-	-	-	-	8	192	-	-	1	9	19	108	198	898	236	752	118	460	11	14	15	119	57	176	28	114	9	18	2	47	52	654	67	791	15	75	61	171
2015	강남구	압구정동	4,360	1,670	34,695	15,940	18,755	-	-	-	-	131	1,813	-	-	1	1	60	671	1,269	9,075	44	116	758	4,785	154	1,640	79	1,005	239	1,409	427	4,937	62	966	2	50	280	2,261	334	3,093	103	441	417	2,432
2015	강남구	청담동	4,597	1,828	43,578	21,176	22,402	-	-	-	-	203	4,042	-	-	6	272	115	3,584	1,176	9,799	71	249	681	5,021	191	2,163	89	1,451	438	1,790	548	4,851	94	1,954	3	252	168	1,308	254	3,084	97	550	463	3,208
2015	강남구	대치2동	3,579	1,238	51,945	30,637	21,308	-	-	1	5	77	1,937	2	373	1	2	93	3,968	897	12,859	79	503	583	3,080	193	3,094	139	2,644	289	2,009	300	11,220	75	4,954	3	138	356	2,954	118	900	100	438	273	867
2015	강남구	개포2동	902	390	3,466	1,478	1,988	-	-	-	-	14	26	-	-	-	-	15	52	189	470	87	102	154	459	18	50	9	71	75	270	24	114	6	14	1	15	122	1,264	46	189	32	100	110	270
2015	송파구	소계	45,375	15,109	302,517	181,835	120,682	5	329	2	6	1,509	9,441	10	51	31	492	1,894	38,462	13,874	57,745	5,632	14,682	6,543	26,689	809	21,338	476	8,924	2,373	12,587	2,064	22,018	649	24,799	69	5,772	2,253	17,964	1,609	21,398	1,407	7,289	4,166	12,531
2015	송파구	풍납1동	785	321	2,774	1,197	1,577	-	-	-	-	42	554	-	-	-	-	23	72	185	347	133	290	144	258	6	36	9	168	32	74	15	48	8	139	2	17	31	201	28	312	24	43	103	215
2015	송파구	풍납2동	1,188	430	15,800	6,261	9,539	-	-	-	-	47	419	3	27	2	5	37	367	250	1,202	176	551	156	729	5	13	8	71	79	243	88	627	17	1,115	4	337	90	1,382	59	8,331	40	115	127	266
2015	송파구	거여1동	895	304	2,976	1,578	1,398	-	-	-	-	56	162	2	5	-	-	33	162	209	781	197	233	117	261	11	150	-	-	29	62	16	96	14	44	1	13	41	339	35	412	33	79	101	177
2015	송파구	거여2동	1,082	369	3,987	2,170	1,817	-	-	-	-	42	134	-	-	-	-	32	137	200	485	254	761	150	366	4	24	5	66	62	155	15	301	13	152	3	82	58	383	69	627	41	73	134	241
2015	송파구	마천1동	998	313	2,313	1,238	1,075	-	-	-	-	50	201	-	-	-	-	16	34	166	382	357	534	150	292	1	6	1	7	42	78	3	7	3	26	3	47	29	174	36	233	20	70	121	222
2015	송파구	마천2동	1,343	503	4,657	2,547	2,110	-	-	-	-	113	464	-	-	-	-	43	220	359	908	246	675	197	419	4	11	7	92	42	125	10	131	6	18	4	299	46	192	79	704	31	54	156	345
2015	송파구	방이1동	1,359	503	11,044	7,029	4,015	-	-	-	-	55	483	-	-	-	-	73	2,890	269	1,767	89	325	250	1,010	18	143	10	76	73	381	64	841	27	938	2	79	172	1,240	51	294	58	166	148	411
2015	송파구	방이2동	3,030	944	22,334	13,399	8,935	-	-	-	-	92	828	1	8	2	14	160	2,393	712	4,460	200	479	708	2,794	110	1,418	40	527	186	628	270	1,876	59	3,193	1	19	84	898	76	774	107	231	222	1,794
2015	송파구	오륜동	533	238	4,491	2,404	2,087	1	9	-	-	6	10	-	-	1	3	17	108	201	432	8	18	62	790	4	59	11	100	23	104	8	42	7	299	3	263	27	1,149	18	87	66	790	70	228
2015	송파구	오금동	3,214	750	17,071	11,400	5,671	-	-	-	-	155	929	-	-	2	10	169	2,347	596	3,111	1,158	1,786	295	966	27	1,032	14	111	101	505	63	911	42	2,349	2	49	208	1,443	65	585	74	287	243	650
2015	송파구	송파1동	2,528	764	13,522	8,844	4,678	-	-	-	-	77	312	-	-	2	86	141	4,940	524	1,666	532	587	320	1,124	66	573	22	164	127	482	157	905	53	684	2	22	115	524	73	695	79	172	238	586
2015	송파구	송파2동	938	384	5,517	3,219	2,298	-	-	-	-	23	73	-	-	-	-	32	625	228	1,046	90	100	141	390	10	140	4	53	68	272	23	951	8	254	1	16	122	1,033	45	181	32	80	111	303
2015	송파구	석촌동	2,722	947	16,586	9,788	6,798	1	153	1	5	122	1,076	1	1	-	-	159	2,731	685	2,255	236	658	495	1,418	44	530	31	485	160	433	134	1,394	43	2,573	3	34	118	816	99	890	112	210	278	924
2015	송파구	삼전동	1,969	714	12,617	8,490	4,127	1	162	-	-	72	401	-	-	1	37	100	3,542	427	1,749	208	491	321	1,003	32	200	8	74	114	242	74	496	22	1,643	3	105	155	965	82	700	79	186	270	621
2015	송파구	가락본동	3,647	1,072	31,676	19,385	12,291	-	-	-	-	119	1,080	1	2	4	112	249	4,389	1,116	5,689	179	339	589	2,081	131	2,597	45	632	200	1,246	280	2,695	93	5,343	5	1,499	101	832	92	1,843	175	536	268	761
2015	송파구	가락1동	2,954	734	10,589	7,487	3,102	1	3	-	-	9	44	-	-	3	28	-	-	2,752	8,784	17	112	67	254	3	32	6	71	11	370	12	105	4	499	2	45	-	-	7	49	1	2	59	191
2015	송파구	가락2동	1,936	718	10,867	6,390	4,477	-	-	-	-	89	524	-	-	2	29	122	1,397	461	2,358	179	431	245	789	32	336	15	145	116	589	66	770	19	563	3	449	166	915	96	749	73	184	252	639
2015	송파구	문정1동	1,397	481	7,901	4,966	2,935	-	-	1	1	61	325	-	-	1	7	98	1,231	408	1,731	140	798	178	645	22	231	6	55	95	607	67	420	21	670	1	13	61	397	47	324	39	85	151	361
2015	송파구	문정2동	2,802	825	17,613	11,842	5,771	-	-	-	-	103	461	-	-	4	79	131	2,331	1,313	4,960	52	532	217	1,146	147	1,486	23	216	178	1,162	301	3,040	73	801	3	414	58	270	38	183	28	113	133	419
2015	송파구	장지동	1,444	466	11,991	8,162	3,829	-	-	-	-	48	209	-	-	2	12	69	924	244	1,083	326	3,491	187	531	11	94	5	42	84	1,447	63	1,302	16	480	2	63	93	1,039	95	661	41	177	158	436
2015	송파구	위례동	154	51	666	287	379	-	-	-	-	-	-	-	-	1	22	-	-	11	37	53	95	17	77	-	-	2	17	25	63	1	2	-	-	2	11	23	253	11	64	2	8	6	17
2015	송파구	잠실본동	3,032	1,083	19,062	11,445	7,617	-	-	-	-	79	404	1	6	1	3	103	3,374	690	2,796	128	317	760	3,203	61	674	36	431	184	1,073	159	1,915	37	1,713	4	46	156	781	136	950	180	543	317	833
2015	송파구	잠실4동	479	230	1,863	730	1,133	-	-	-	-	6	15	-	-	3	45	7	29	84	262	62	74	61	191	1	4	7	65	56	238	10	27	-	-	2	50	51	423	58	270	11	26	60	144
2015	송파구	잠실6동	2,445	749	39,591	25,086	14,505	1	2	-	-	23	288	1	2	-	-	44	4,087	721	5,877	500	704	364	3,199	48	11,511	118	4,701	92	1,299	139	3,018	48	1,196	2	1,497	80	412	79	750	23	157	162	891
2015	송파구	잠실7동	196	103	1,100	473	627	-	-	-	-	2	4	-	-	-	-	8	45	66	116	5	23	18	49	2	6	5	152	21	79	1	2	1	69	1	11	21	401	7	22	2	5	36	116
2015	송파구	잠실2동	782	369	4,040	1,817	2,223	-	-	-	-	3	9	-	-	-	-	12	51	217	572	54	203	105	360	4	16	17	143	73	262	8	29	6	20	4	236	77	868	58	317	17	582	127	372
2015	송파구	잠실3동	1,523	744	9,869	4,201	5,668	-	-	-	-	15	32	-	-	-	-	16	36	780	2,889	53	75	229	2,344	5	16	21	260	100	368	17	67	9	18	4	56	70	634	70	391	19	2,315	115	368
2015	강동구	소계	30,079	10,609	143,061	78,766	64,295	3	35	1	5	1,631	6,537	4	338	16	268	1,065	17,961	7,282	26,082	5,601	10,099	4,736	15,188	244	2,579	292	4,887	1,561	4,725	613	5,797	377	9,992	47	2,781	1,466	10,736	1,143	14,426	849	2,660	3,148	7,965
2015	강동구	강일동	912	274	16,424	12,876	3,548	-	-	-	-	17	97	-	-	1	40	15	7,760	144	638	332	2,169	84	436	8	401	11	79	44	274	17	2,419	6	483	2	65	76	751	71	523	16	80	68	209
2015	강동구	상일동	1,106	324	5,472	2,699	2,773	-	-	1	5	72	185	-	-	1	5	39	162	216	733	297	371	166	491	3	11	6	34	67	198	17	119	10	127	2	33	56	963	28	1,708	27	166	98	161
2015	강동구	명일1동	1,655	749	6,003	2,459	3,544	-	-	-	-	46	129	-	-	-	-	29	209	454	1,215	164	188	322	960	6	14	14	127	85	242	20	90	20	461	3	23	123	556	104	1,052	73	210	192	527
2015	강동구	명일2동	1,304	591	5,077	2,242	2,835	-	-	-	-	37	93	-	-	-	-	35	149	411	1,161	61	65	187	800	15	207	11	159	73	326	22	206	9	46	2	42	211	1,057	58	367	51	119	121	280
2015	강동구	고덕1동	581	210	1,959	1,005	954	1	5	-	-	29	62	-	-	-	-	25	106	92	209	157	188	74	141	5	8	-	-	43	106	5	12	3	24	3	72	42	582	25	293	13	44	64	107
2015	강동구	고덕2동	1,798	227	3,214	2,237	977	-	-	-	-	27	100	1	4	2	59	10	56	140	309	1,342	1,422	98	251	3	5	4	25	27	37	2	3	3	48	1	10	21	436	18	173	16	102	83	174
2015	강동구	암사2동	819	305	4,360	2,015	2,345	-	-	-	-	40	163	-	-	-	-	28	513	147	829	179	498	126	388	3	8	3	41	55	137	11	96	5	740	2	67	63	366	48	259	28	106	81	149
2015	강동구	암사3동	596	206	1,998	974	1,024	-	-	-	-	25	74	1	106	-	-	13	32	134	386	168	230	46	116	3	7	1	13	31	82	6	17	1	1	2	72	66	495	30	193	5	39	64	135
2015	강동구	천호1동	1,504	494	5,431	2,597	2,834	-	-	-	-	119	434	-	-	-	-	58	306	321	933	355	650	193	563	8	124	8	148	82	257	11	52	19	384	3	23	58	668	60	493	37	116	172	280
2015	강동구	천호3동	1,816	674	7,550	4,148	3,402	-	-	-	-	63	198	-	-	1	18	56	274	539	1,281	242	427	309	875	22	142	29	465	110	351	33	135	31	1,811	3	57	41	215	58	529	47	114	232	658
2015	강동구	성내1동	2,090	623	17,390	10,440	6,950	-	-	-	-	213	1,194	1	137	4	34	135	3,506	548	3,129	164	263	308	1,110	42	428	26	525	106	310	141	823	54	1,248	6	1,855	69	695	57	949	54	152	162	1,032
2015	강동구	성내2동	1,950	733	7,653	3,854	3,799	-	-	-	-	139	487	-	-	1	6	83	455	459	1,265	209	527	345	1,101	19	129	42	980	114	287	45	196	36	475	2	14	65	277	80	777	63	130	248	547
2015	강동구	성내3동	2,422	918	10,320	5,449	4,871	1	16	-	-	138	629	-	-	1	46	83	637	615	2,620	213	365	487	1,513	24	211	22	158	126	313	79	380	29	1,146	1	17	144	664	101	694	93	228	265	683
2015	강동구	둔촌1동	416	176	1,361	785	576	-	-	-	-	5	38	1	91	-	-	11	14	112	208	108	123	15	30	-	-	2	24	52	275	2	2	1	2	2	15	37	363	7	35	4	67	57	74
2015	강동구	둔촌2동	1,565	548	9,063	4,685	4,378	-	-	-	-	99	378	-	-	-	-	70	531	342	2,487	257	611	236	806	9	68	11	161	88	259	38	327	13	71	2	51	80	564	54	2,217	52	103	214	429
2015	강동구	암사1동	1,892	695	5,313	2,869	2,444	-	-	-	-	131	474	-	-	-	-	73	605	419	1,107	421	636	279	645	3	10	6	102	78	145	17	99	19	108	2	30	70	285	65	496	58	135	251	436
2015	강동구	천호2동	3,685	1,452	14,534	6,972	7,562	-	-	-	-	224	733	-	-	3	10	115	418	1,296	4,518	358	505	683	2,367	39	268	31	534	150	436	52	304	63	1,432	3	72	95	580	137	1,127	90	407	346	823
2015	강동구	길동	3,968	1,410	19,939	10,460	9,479	1	14	-	-	207	1,069	-	-	2	50	187	2,228	893	3,054	574	861	778	2,595	32	538	65	1,312	230	690	95	517	55	1,385	6	263	149	1,219	142	2,541	122	342	430	1,261