기간	자치구	동	합계	합계	합계	합계	합계	농업 임업 및 어업	농업 임업 및 어업	광업	광업	제조업	제조업	전기 가스 증기 및 수도사업	전기 가스 증기 및 수도사업	하수 · 폐기물 처리 원료재생 및 환경복원업	하수 · 폐기물 처리 원료재생 및 환경복원업	건설업	건설업	도매 및 소매업	도매 및 소매업	운수업	운수업	숙박 및 음식점업	숙박 및 음식점업	출판 영상 방송통신 및 정보서비스업	출판 영상 방송통신 및 정보서비스업	금융 및 보험업	금융 및 보험업	부동산업 및 임대업	부동산업 및 임대업	전문 과학 및 기술 서비스업	전문 과학 및 기술 서비스업	사업시설관리 및 사업지원 서비스업	사업시설관리 및 사업지원 서비스업	공공행정 국방 및 사회보장 행정	공공행정 국방 및 사회보장 행정	교육 서비스업	교육 서비스업	보건업 및 사회복지 서비스업	보건업 및 사회복지 서비스업	예술 스포츠 및 여가관련 서비스업	예술 스포츠 및 여가관련 서비스업	협회 및 단체 수리  및 기타 개인 서비스업	협회 및 단체 수리  및 기타 개인 서비스업
기간	자치구	동	사업체수	사업체수	종사자수	종사자수	종사자수	사업체수	종사자수	사업체수	종사자수	사업체수	종사자수	사업체수	종사자수	사업체수	종사자수	사업체수	종사자수	사업체수	종사자수	사업체수	종사자수	사업체수	종사자수	사업체수	종사자수	사업체수	종사자수	사업체수	종사자수	사업체수	종사자수	사업체수	종사자수	사업체수	종사자수	사업체수	종사자수	사업체수	종사자수	사업체수	종사자수	사업체수	종사자수
기간	자치구	동	사업체수	여성대표자	계	남	여	사업체수	종사자수	사업체수	종사자수	사업체수	종사자수	사업체수	종사자수	사업체수	종사자수	사업체수	종사자수	사업체수	종사자수	사업체수	종사자수	사업체수	종사자수	사업체수	종사자수	사업체수	종사자수	사업체수	종사자수	사업체수	종사자수	사업체수	종사자수	사업체수	종사자수	사업체수	종사자수	사업체수	종사자수	사업체수	종사자수	사업체수	종사자수
2016	합계	합계	820,156	274,620	5,079,451	2,847,402	2,232,049	24	463	18	54	61,140	279,103	137	7,617	439	6,597	22,260	365,074	230,834	891,454	94,842	276,926	128,141	470,357	23,356	344,155	10,955	269,712	40,946	177,672	39,104	435,086	13,375	460,776	1,293	136,043	34,065	333,486	27,267	332,028	21,653	84,990	70,307	207,858
2016	종로구	소계	40,664	13,420	268,309	154,334	113,975	2	36	1	5	4,364	12,708	6	384	7	135	354	29,630	17,310	45,461	1,384	6,835	6,620	26,773	879	16,898	567	20,406	1,377	8,260	1,489	21,603	1,119	20,542	92	16,396	880	13,130	699	14,278	927	6,332	2,587	8,497
2016	종로구	사직동	3,489	1,116	53,850	31,642	22,208	1	18	-	-	71	228	1	4	2	32	37	7,141	579	3,866	245	2,246	856	4,166	193	2,533	132	4,744	167	2,000	302	7,229	357	8,172	18	7,165	88	890	93	738	88	1,514	259	1,164
2016	종로구	삼청동	751	348	4,823	2,348	2,475	-	-	-	-	15	82	-	-	-	-	6	35	288	958	20	65	240	1,106	18	116	6	47	28	88	47	293	12	35	4	1,199	20	354	7	29	15	163	25	253
2016	종로구	부암동	575	230	3,690	1,896	1,794	-	-	1	5	25	127	-	-	-	-	26	83	104	508	36	40	130	380	23	112	5	41	22	52	26	89	7	17	3	60	43	1,530	10	90	17	80	97	476
2016	종로구	평창동	708	312	2,990	1,405	1,585	-	-	-	-	14	94	-	-	-	-	21	104	139	496	39	146	154	509	16	50	8	66	48	130	32	268	8	12	3	85	52	236	35	366	33	163	106	265
2016	종로구	무악동	573	116	1,472	756	716	-	-	-	-	6	10	-	-	-	-	8	59	46	108	363	372	28	88	3	7	3	17	16	75	3	3	2	12	1	13	27	169	10	400	5	16	52	123
2016	종로구	교남동	302	101	3,612	1,504	2,108	-	-	-	-	7	15	-	-	-	-	8	54	64	222	29	68	53	205	8	38	7	22	27	65	9	203	6	19	2	42	15	150	12	2,304	8	23	47	182
2016	종로구	가회동	770	367	14,215	10,794	3,421	-	-	-	-	33	241	-	-	-	-	11	7,675	186	505	20	28	241	961	25	1,031	8	113	30	62	60	1,700	14	200	3	417	35	705	14	162	32	185	58	230
2016	종로구	종로1.2.3.4가동	15,970	5,030	110,743	66,141	44,602	-	-	-	-	1,933	5,325	4	378	3	19	85	13,676	7,529	19,668	168	2,013	2,325	10,518	327	10,855	242	12,393	488	4,019	600	8,275	545	10,091	25	4,767	307	3,121	180	1,348	259	1,323	950	2,954
2016	종로구	종로5·6가동	7,691	2,464	23,392	14,459	8,933	-	-	-	-	902	2,611	-	-	-	-	23	99	5,175	11,307	69	983	632	2,052	62	1,085	32	994	172	694	102	853	57	607	5	304	43	328	103	410	41	162	273	903
2016	종로구	이화동	1,248	418	16,032	6,683	9,349	1	18	-	-	81	274	1	2	-	-	17	58	231	1,206	33	105	351	1,867	68	462	10	82	54	166	69	1,238	11	165	3	74	45	2,097	27	6,910	144	939	102	369
2016	종로구	창신1동	2,273	706	6,340	3,115	3,225	-	-	-	-	316	747	-	-	1	47	8	26	1,279	2,439	42	110	262	699	14	45	34	577	60	209	27	103	18	415	1	19	13	115	42	268	41	181	115	340
2016	종로구	창신2동	872	287	2,429	1,071	1,358	-	-	-	-	394	1,198	-	-	-	-	11	15	131	241	40	52	119	284	4	6	5	31	18	24	5	19	8	9	2	90	8	20	28	236	19	38	80	166
2016	종로구	창신3동	283	85	874	460	414	-	-	-	-	45	125	-	-	1	37	7	16	58	140	54	87	27	60	4	12	1	7	23	63	3	16	-	-	2	60	14	121	9	76	4	9	31	45
2016	종로구	숭인1동	533	180	1,587	716	871	-	-	-	-	167	579	-	-	-	-	6	20	116	323	40	62	53	134	9	21	6	31	20	37	15	38	7	46	1	14	13	41	23	113	8	21	49	107
2016	종로구	숭인2동	1,881	534	6,819	3,196	3,623	-	-	-	-	277	843	-	-	-	-	31	245	820	1,744	63	146	266	605	23	113	45	1,034	86	258	39	281	30	634	3	77	33	357	25	83	39	197	101	202
2016	종로구	청운효자동	1,009	452	6,415	3,523	2,892	-	-	-	-	46	106	-	-	-	-	25	99	250	673	45	150	258	721	33	130	11	106	53	111	73	382	10	55	10	1,870	43	676	32	487	20	547	100	302
2016	종로구	혜화동	1,736	674	9,026	4,625	4,401	-	-	-	-	32	103	-	-	-	-	24	225	315	1,057	78	162	625	2,418	49	282	12	101	65	207	77	613	27	53	6	140	81	2,220	49	258	154	771	142	416
2016	중구	소계	63,640	23,442	402,892	221,757	181,135	-	-	2	4	9,799	29,206	6	998	8	132	430	7,041	33,395	95,682	1,544	15,777	6,083	32,536	1,006	28,301	1,298	56,499	1,743	10,370	2,780	38,862	1,397	37,639	67	19,383	481	8,849	710	8,769	574	3,918	2,317	8,926
2016	중구	소공동	3,929	1,178	65,041	37,752	27,289	-	-	-	-	95	243	-	-	-	-	31	755	1,321	8,572	287	6,506	717	6,453	102	4,721	257	15,103	140	1,140	387	8,559	243	8,804	5	114	46	1,270	67	773	42	535	189	1,493
2016	중구	회현동	9,697	5,035	52,540	28,140	24,400	-	-	-	-	223	699	1	124	-	-	19	925	7,811	19,684	105	2,548	632	3,388	37	5,319	194	10,122	146	1,174	80	4,046	97	2,104	6	450	22	188	67	399	31	738	226	632
2016	중구	명동	6,778	1,980	115,866	64,157	51,709	-	-	-	-	319	1,056	4	723	1	20	35	2,188	1,836	12,695	261	3,392	1,301	9,395	244	11,295	523	25,785	338	2,700	537	12,601	546	13,037	18	15,170	55	853	171	1,696	75	532	514	2,728
2016	중구	필동	3,159	799	24,075	13,890	10,185	-	-	-	-	1,067	4,652	-	-	1	4	27	216	424	1,739	45	186	474	1,855	154	2,224	50	1,121	111	453	458	2,377	71	2,177	8	1,057	52	3,558	40	1,361	54	621	123	474
2016	중구	장충동	911	262	9,874	5,868	4,006	-	-	-	-	120	439	1	151	1	6	15	964	234	1,922	23	265	178	1,717	50	684	10	79	36	1,036	91	1,295	23	310	3	98	20	133	12	57	23	428	71	290
2016	중구	광희동	9,380	3,195	38,813	21,203	17,610	-	-	1	1	2,703	7,509	-	-	-	-	38	542	4,655	12,938	100	605	729	3,609	98	844	92	1,402	185	1,208	371	5,350	94	1,231	3	1,150	23	211	43	1,413	62	193	183	607
2016	중구	을지로동	9,442	2,036	29,762	18,929	10,833	-	-	-	-	3,608	8,901	-	-	-	-	60	350	3,845	9,132	75	495	547	1,766	139	1,407	76	1,352	200	571	445	1,600	94	1,878	4	611	20	134	44	780	60	189	225	596
2016	중구	신당5동	1,283	457	3,942	1,867	2,075	-	-	1	3	293	939	-	-	1	2	26	139	351	934	65	120	215	537	12	31	6	69	59	123	23	77	14	43	2	38	22	296	35	249	38	102	120	240
2016	중구	황학동	1,963	622	6,435	3,591	2,844	-	-	-	-	219	466	-	-	-	-	19	58	1,120	2,595	66	126	270	663	10	24	11	171	49	142	22	80	12	1,573	2	16	14	76	22	123	22	45	105	277
2016	중구	중림동	1,005	295	7,677	4,101	3,576	-	-	-	-	72	284	-	-	1	32	18	58	258	1,407	88	841	210	648	40	1,116	23	473	45	288	47	919	30	490	3	42	24	382	35	229	23	66	88	402
2016	중구	신당동	12,117	6,243	27,836	11,763	16,073	-	-	-	-	532	1,664	-	-	1	28	31	82	10,477	20,164	67	187	323	1,013	21	102	32	607	199	750	131	360	92	1,170	7	511	13	487	25	303	44	173	122	235
2016	중구	다산동	1,387	427	9,577	4,500	5,077	-	-	-	-	159	603	-	-	-	-	44	290	382	1,424	104	148	171	532	48	316	8	93	78	180	97	1,152	50	3,556	1	14	43	400	50	384	33	89	119	396
2016	중구	약수동	854	342	3,563	1,620	1,943	-	-	-	-	43	174	-	-	1	25	24	114	209	731	100	144	131	415	19	90	4	32	57	303	30	165	12	110	3	85	45	173	52	696	28	95	96	211
2016	중구	청구동	765	259	3,856	2,365	1,491	-	-	-	-	87	360	-	-	1	15	24	285	201	584	95	135	81	243	19	92	5	23	43	96	39	126	11	1,100	1	14	50	447	22	148	16	50	70	138
2016	중구	동화동	970	312	4,035	2,011	2,024	-	-	-	-	259	1,217	-	-	-	-	19	75	271	1,161	63	79	104	302	13	36	7	67	57	206	22	155	8	56	1	13	32	241	25	158	23	62	66	207
2016	용산구	소계	20,994	6,995	129,033	72,259	56,774	-	-	-	-	1,071	3,439	2	3	12	157	444	7,298	7,546	28,940	1,350	4,103	4,322	17,805	569	7,225	294	5,683	1,100	5,155	764	13,040	321	11,007	47	3,261	539	7,581	537	6,195	388	2,257	1,688	5,884
2016	용산구	후암동	840	319	5,493	2,268	3,225	-	-	-	-	56	158	-	-	-	-	26	445	210	548	111	121	152	438	19	502	2	15	48	92	27	163	7	2,026	3	102	38	235	40	329	11	108	90	211
2016	용산구	용산2가동	574	183	2,075	1,041	1,034	-	-	-	-	37	108	-	-	-	-	10	20	120	252	85	138	153	522	9	86	2	23	30	51	23	45	2	12	1	16	17	447	16	189	11	64	58	102
2016	용산구	남영동	1,673	588	18,172	9,572	8,600	-	-	-	-	72	323	1	2	1	15	25	1,746	423	2,058	48	1,117	478	2,112	54	754	87	3,299	59	356	64	3,402	56	1,236	4	65	44	300	63	472	61	378	133	537
2016	용산구	원효로2동	1,190	299	7,045	4,518	2,527	-	-	-	-	32	125	-	-	2	55	29	409	576	2,561	104	173	111	237	40	675	6	43	58	615	27	148	15	909	1	14	44	502	24	165	18	39	103	375
2016	용산구	효창동	469	145	2,300	1,312	988	-	-	-	-	20	50	-	-	-	-	28	454	96	362	85	111	55	139	15	79	3	28	29	71	15	66	6	86	1	18	36	235	30	352	10	33	40	216
2016	용산구	용문동	682	282	1,568	827	741	-	-	-	-	33	111	-	-	-	-	28	106	217	491	87	107	112	242	13	52	3	14	31	55	17	22	3	21	1	17	31	61	26	109	10	17	70	143
2016	용산구	이촌1동	823	391	3,825	1,641	2,184	-	-	-	-	4	9	-	-	-	-	13	43	232	557	28	35	189	797	6	37	20	200	91	459	9	120	1	6	3	53	47	580	58	422	17	86	105	421
2016	용산구	이촌2동	340	92	821	545	276	-	-	-	-	10	22	-	-	2	25	13	41	76	195	96	108	31	63	8	21	2	25	28	90	4	27	3	11	2	43	12	25	7	38	2	4	44	83
2016	용산구	이태원1동	1,714	735	8,286	4,404	3,882	-	-	-	-	54	106	-	-	-	-	11	28	713	1,441	34	94	628	3,586	16	116	25	112	41	210	31	156	17	296	5	1,588	13	86	22	253	15	35	89	179
2016	용산구	이태원2동	733	259	3,216	1,875	1,341	-	-	-	-	20	54	-	-	-	-	11	124	162	511	62	89	291	996	11	82	11	52	53	710	24	196	4	21	1	13	13	176	19	84	9	33	42	75
2016	용산구	서빙고동	415	133	5,077	3,295	1,782	-	-	-	-	10	47	-	-	1	2	24	1,074	114	935	69	317	49	232	14	616	4	21	25	204	14	78	7	57	2	41	26	269	6	48	7	484	43	652
2016	용산구	보광동	836	340	2,786	1,798	988	-	-	-	-	29	45	-	-	1	35	23	48	194	370	121	130	185	410	1	5	4	27	55	108	18	81	7	802	2	48	28	295	29	139	17	28	122	215
2016	용산구	청파동	1,915	686	9,433	4,339	5,094	-	-	-	-	387	1,187	1	1	1	1	31	305	390	938	138	211	411	1,114	65	513	11	93	82	222	43	425	32	294	3	32	61	2,958	36	378	38	167	185	594
2016	용산구	원효로1동	1,843	546	10,407	6,281	4,126	-	-	-	-	114	427	-	-	1	3	40	433	776	3,805	79	277	315	926	55	302	26	435	101	387	79	694	23	1,264	3	442	30	293	43	340	38	71	120	308
2016	용산구	한강로동	4,892	1,258	31,880	19,016	12,864	-	-	-	-	118	408	-	-	3	21	67	986	2,764	11,093	103	824	618	2,689	176	2,733	59	1,100	201	1,068	214	4,535	88	2,963	12	704	59	599	64	678	61	314	285	1,165
2016	용산구	한남동	2,055	739	16,649	9,527	7,122	-	-	-	-	75	259	-	-	-	-	65	1,036	483	2,823	100	251	544	3,302	67	652	29	196	168	457	155	2,882	50	1,003	3	65	40	520	54	2,199	63	396	159	608
2016	성동구	소계	26,581	7,838	165,047	96,924	68,123	-	-	-	-	4,622	27,879	8	654	28	388	657	6,053	7,112	32,094	2,708	8,310	3,592	11,073	731	8,508	276	3,950	1,288	6,306	1,095	10,395	295	17,119	46	4,033	810	10,837	673	7,383	556	2,305	2,084	7,760
2016	성동구	왕십리2동	780	293	2,440	1,054	1,386	-	-	-	-	164	538	-	-	-	-	20	125	142	391	102	104	91	185	6	26	7	56	56	170	12	40	8	62	2	24	35	186	29	222	17	37	89	274
2016	성동구	마장동	3,238	793	11,683	7,677	4,006	-	-	-	-	298	1,009	1	77	2	21	47	303	1,687	5,198	530	947	226	620	26	87	11	146	80	250	38	338	14	1,230	3	184	45	339	52	410	31	111	147	413
2016	성동구	사근동	1,088	374	11,474	5,682	5,792	-	-	-	-	43	171	-	-	2	4	8	24	174	539	66	102	459	1,942	23	102	7	39	44	102	42	544	22	55	2	59	44	5,363	13	2,001	62	167	77	260
2016	성동구	행당1동	1,451	574	8,783	4,380	4,403	-	-	-	-	88	298	2	174	-	-	24	311	444	1,565	102	211	301	1,410	29	270	12	134	67	253	31	200	17	74	7	2,140	67	364	70	559	42	304	148	516
2016	성동구	행당2동	582	257	1,927	787	1,140	-	-	-	-	12	27	-	-	-	-	22	55	123	301	102	122	62	205	1	1	5	43	40	169	7	15	4	7	2	54	75	519	42	220	11	47	74	142
2016	성동구	응봉동	375	128	1,037	500	537	-	-	-	-	12	21	-	-	1	2	19	55	60	100	103	122	39	91	2	3	2	8	23	132	2	4	-	-	2	45	38	250	18	114	9	21	45	69
2016	성동구	금호1가동	535	190	1,685	766	919	-	-	-	-	42	161	-	-	-	-	15	49	86	217	106	147	66	158	4	5	4	30	34	110	7	93	5	29	2	50	46	242	31	207	15	52	72	135
2016	성동구	금호4가동	617	259	1,786	830	956	-	-	-	-	43	137	-	-	1	2	10	85	139	345	71	91	110	230	3	4	5	56	45	130	14	34	3	4	2	19	34	218	41	236	21	46	75	149
2016	성동구	성수1가1동	1,546	385	7,815	4,714	3,101	-	-	-	-	493	2,326	1	114	-	-	32	150	321	1,462	149	224	122	364	62	481	6	75	79	245	79	577	12	165	1	18	51	468	26	171	23	720	89	255
2016	성동구	성수1가2동	2,198	547	17,103	10,727	6,376	-	-	-	-	474	2,906	1	5	6	61	86	908	468	3,381	180	1,339	295	845	133	1,958	12	348	100	666	140	1,225	32	2,024	4	33	61	407	30	215	40	73	136	709
2016	성동구	성수2가1동	2,626	705	18,337	11,615	6,722	-	-	-	-	723	4,506	-	-	-	-	55	526	628	4,644	198	545	352	855	108	2,009	7	321	88	267	131	1,341	31	1,201	5	807	36	458	40	204	54	113	170	540
2016	성동구	성수2가3동	5,056	1,058	45,871	29,366	16,505	-	-	-	-	1,503	12,294	-	-	4	34	160	2,076	1,168	8,530	394	1,680	441	1,421	253	3,170	46	736	207	2,112	390	4,786	82	5,481	2	62	37	448	44	404	80	195	245	2,442
2016	성동구	송정동	695	188	2,453	1,388	1,065	-	-	-	-	123	584	-	-	2	4	33	137	148	366	118	127	78	153	1	3	2	5	23	41	56	292	3	10	3	294	15	68	11	158	11	16	68	195
2016	성동구	용답동	2,055	548	15,156	9,461	5,695	-	-	-	-	199	1,291	2	281	9	240	45	337	734	2,693	141	2,040	249	695	39	165	93	666	94	250	58	571	28	4,351	2	51	38	218	43	424	44	114	237	769
2016	성동구	왕십리도선동	1,906	715	11,693	5,398	6,295	-	-	-	-	268	1,119	1	3	1	20	42	671	434	1,454	129	228	380	1,063	22	161	44	1,202	157	914	54	225	25	2,274	3	91	72	618	82	1,121	45	121	147	408
2016	성동구	금호2.3가동	1,008	444	2,758	1,223	1,535	-	-	-	-	98	284	-	-	-	-	14	149	198	402	144	196	202	437	4	9	8	48	65	175	10	46	4	22	2	51	42	153	56	470	24	81	137	235
2016	성동구	옥수동	825	380	3,046	1,356	1,690	-	-	-	-	39	207	-	-	-	-	25	92	158	506	73	85	119	399	15	54	5	37	86	320	24	64	5	130	2	51	74	518	45	247	27	87	128	249
2016	광진구	소계	24,895	8,894	126,937	71,400	55,537	-	-	-	-	1,881	7,994	3	88	13	129	794	12,979	6,215	19,606	2,534	6,290	4,706	16,607	415	4,136	202	4,059	1,274	3,930	798	5,045	373	9,457	38	3,078	1,136	13,848	872	9,646	971	3,691	2,670	6,354
2016	광진구	화양동	2,474	870	15,035	7,808	7,227	-	-	-	-	72	330	1	4	1	21	33	256	456	1,545	108	294	948	4,133	56	263	12	90	119	341	64	329	50	482	2	84	72	3,462	68	2,359	180	446	232	596
2016	광진구	군자동	1,609	563	10,040	5,374	4,666	-	-	-	-	142	505	-	-	-	-	44	221	355	1,418	142	599	349	1,124	37	290	10	167	86	242	43	278	26	1,679	2	31	61	2,466	61	515	70	156	181	349
2016	광진구	중곡1동	1,639	568	6,476	3,927	2,549	-	-	-	-	292	1,580	-	-	1	2	62	468	453	1,346	158	386	257	519	24	138	7	85	70	125	31	127	17	893	2	45	32	60	42	273	42	61	149	368
2016	광진구	중곡2동	1,660	614	6,711	3,403	3,308	-	-	-	-	197	819	-	-	1	20	72	737	372	1,232	175	273	213	533	18	160	15	174	84	171	53	222	33	746	3	52	76	331	70	666	54	105	224	470
2016	광진구	중곡3동	1,347	500	5,601	3,118	2,483	-	-	-	-	242	948	-	-	-	-	52	770	280	981	177	483	218	469	6	20	4	46	49	73	13	59	11	190	2	44	31	179	51	793	49	142	162	404
2016	광진구	중곡4동	1,545	543	4,810	2,661	2,149	-	-	-	-	204	772	-	-	1	22	43	193	350	883	292	517	214	473	3	18	6	88	54	142	10	31	11	58	3	72	64	621	55	340	52	127	183	453
2016	광진구	능동	758	255	5,945	3,066	2,879	-	-	-	-	36	160	-	-	-	-	17	118	199	1,039	60	125	138	581	17	160	19	243	48	98	36	257	12	237	4	433	40	1,435	24	342	46	505	62	212
2016	광진구	구의1동	1,900	692	6,556	3,668	2,888	-	-	-	-	89	326	-	-	2	4	72	668	399	950	133	290	389	958	57	264	20	158	115	240	165	641	38	456	3	180	64	426	51	396	87	158	216	441
2016	광진구	구의2동	1,251	423	5,199	2,854	2,345	-	-	-	-	94	467	1	83	-	-	35	329	252	1,024	234	519	211	540	14	86	14	311	57	112	22	250	11	74	1	17	71	468	55	536	41	118	138	265
2016	광진구	구의3동	2,636	902	19,517	13,393	6,124	-	-	-	-	46	278	-	-	2	17	58	6,499	1,138	3,090	144	759	364	1,431	55	1,180	23	233	127	636	89	942	40	1,921	1	18	180	830	79	579	72	310	218	794
2016	광진구	광장동	1,402	507	12,078	6,498	5,580	-	-	-	-	57	317	1	1	2	36	67	864	351	1,332	80	117	224	2,096	31	117	25	1,987	114	521	69	359	30	1,013	2	83	116	1,457	60	402	36	1,057	137	319
2016	광진구	자양1동	1,736	641	8,527	4,923	3,604	-	-	-	-	110	432	-	-	1	4	60	535	471	1,213	174	774	284	733	36	103	12	176	89	269	61	407	29	965	3	1,142	61	259	83	1,036	56	94	206	385
2016	광진구	자양2동	1,524	482	7,659	4,376	3,283	-	-	-	-	91	394	-	-	2	3	100	505	284	784	249	529	202	513	32	1,114	9	96	82	264	66	722	20	288	3	720	93	837	56	355	52	106	183	429
2016	광진구	자양3동	1,356	553	6,395	2,911	3,484	-	-	-	-	45	150	-	-	-	-	32	134	311	1,473	206	298	241	1,219	11	157	14	147	98	480	31	148	14	379	3	84	125	706	51	490	32	118	142	412
2016	광진구	자양4동	2,058	781	6,388	3,420	2,968	-	-	-	-	164	516	-	-	-	-	47	682	544	1,296	202	327	454	1,285	18	66	12	58	82	216	45	273	31	76	4	73	50	311	66	564	102	188	237	457
2016	동대문구	소계	32,762	10,750	144,172	77,453	66,719	-	-	1	3	3,517	13,465	1	3	17	140	766	6,567	11,458	32,341	3,644	7,147	5,016	14,280	281	2,280	303	5,099	1,375	4,709	623	7,384	364	9,157	53	4,172	959	15,544	956	13,364	736	2,376	2,692	6,141
2016	동대문구	회기동	988	401	9,709	4,512	5,197	-	-	-	-	24	57	-	-	-	-	9	32	191	591	45	49	434	1,400	15	460	9	71	25	67	18	48	12	65	2	41	56	3,723	22	2,766	46	91	80	248
2016	동대문구	휘경1동	1,027	365	4,606	2,273	2,333	-	-	-	-	67	213	-	-	1	2	25	150	254	1,183	89	128	232	705	13	40	4	30	62	198	17	90	21	790	1	19	40	348	41	269	40	139	120	302
2016	동대문구	휘경2동	1,197	276	4,977	2,515	2,462	-	-	-	-	38	274	-	-	1	3	25	115	142	482	594	622	121	252	8	14	4	22	51	125	10	29	10	206	7	220	51	1,087	39	1,327	20	57	76	142
2016	동대문구	청량리동	1,683	611	8,132	4,608	3,524	-	-	-	-	90	246	-	-	2	35	37	186	446	1,040	166	186	338	850	17	144	22	268	75	183	81	1,541	26	438	4	679	47	741	82	978	63	209	187	408
2016	동대문구	용신동	5,820	1,763	32,819	18,189	14,630	-	-	-	-	1,020	3,707	1	3	4	42	153	1,639	2,314	7,093	242	639	748	1,943	88	604	112	2,491	254	886	158	3,595	92	3,948	9	2,143	79	876	96	1,743	80	549	370	918
2016	동대문구	제기동	4,739	1,654	11,977	6,586	5,391	-	-	-	-	383	964	-	-	1	2	57	234	2,876	5,868	171	357	534	1,073	23	110	22	308	126	327	40	449	24	199	4	158	54	392	141	795	33	73	250	668
2016	동대문구	전농1동	2,178	821	8,303	4,270	4,033	-	-	-	-	146	460	-	-	1	1	65	285	759	2,212	242	1,075	413	1,538	11	151	11	77	79	136	29	114	18	64	6	139	64	323	53	1,053	60	123	221	552
2016	동대문구	전농2동	875	327	4,824	2,431	2,393	-	-	-	-	46	165	-	-	-	-	16	142	177	478	156	156	127	424	8	17	5	46	33	141	25	172	9	35	2	165	86	2,324	46	253	30	98	109	208
2016	동대문구	답십리1동	2,242	625	10,402	5,689	4,713	-	-	1	3	144	602	-	-	-	-	55	1,113	722	2,030	438	716	241	704	15	35	34	516	141	516	59	422	43	1,629	3	68	64	447	72	1,047	48	145	162	409
2016	동대문구	답십리2동	2,055	551	6,059	3,668	2,391	-	-	-	-	190	739	-	-	-	-	49	194	854	2,332	337	405	171	449	7	20	6	51	74	415	16	60	11	31	2	32	53	268	63	432	42	154	180	477
2016	동대문구	장안1동	4,539	1,337	21,790	12,178	9,612	-	-	-	-	816	3,660	-	-	3	6	139	1,788	1,454	5,151	418	1,271	549	1,628	49	558	53	1,036	207	1,170	117	729	51	1,577	7	360	82	723	103	1,049	86	290	405	794
2016	동대문구	장안2동	3,204	1,184	11,468	5,497	5,971	-	-	-	-	472	2,115	-	-	2	16	70	222	856	2,834	401	752	541	1,849	13	69	11	82	130	284	34	96	17	119	2	65	172	1,031	105	1,086	109	268	269	580
2016	동대문구	이문1동	1,486	577	6,849	3,702	3,147	-	-	-	-	45	131	-	-	1	2	48	269	296	784	148	183	450	1,246	10	44	7	81	71	131	15	33	27	51	2	62	59	3,064	57	312	67	155	183	301
2016	동대문구	이문2동	729	258	2,257	1,335	922	-	-	-	-	36	132	-	-	1	31	18	198	117	263	197	608	117	219	4	14	3	20	47	130	4	6	3	5	2	21	52	197	36	254	12	25	80	134
2016	중랑구	소계	27,915	9,280	101,190	52,762	48,428	-	-	1	3	3,491	15,481	4	113	21	217	926	5,332	5,504	15,924	6,368	13,297	4,156	10,697	143	1,191	138	1,697	1,092	3,187	322	1,627	250	2,640	44	3,362	911	7,857	927	10,354	861	2,371	2,756	5,840
2016	중랑구	면목2동	2,053	656	6,620	3,562	3,058	-	-	-	-	453	2,049	-	-	1	3	96	483	411	962	354	705	248	534	15	72	3	58	74	150	25	142	11	56	2	76	57	286	49	556	45	90	209	398
2016	중랑구	면목4동	1,102	394	3,702	1,972	1,730	-	-	-	-	169	807	-	-	2	4	50	241	162	403	243	741	139	289	3	7	3	6	58	134	18	70	7	19	4	67	59	352	34	277	24	100	127	185
2016	중랑구	면목5동	873	268	2,976	1,759	1,217	-	-	-	-	229	886	-	-	3	24	37	109	195	586	162	626	93	187	1	2	1	11	26	44	6	12	8	76	2	64	6	38	12	132	15	30	77	149
2016	중랑구	면목7동	1,512	552	4,175	1,975	2,200	-	-	-	-	221	933	-	-	1	8	50	140	350	744	243	399	221	500	2	4	9	140	68	166	14	58	7	20	2	19	34	175	57	387	51	123	182	359
2016	중랑구	상봉1동	1,124	382	6,360	3,530	2,830	-	-	-	-	77	587	-	-	-	-	34	421	285	983	274	1,483	130	679	8	196	10	283	50	247	8	24	13	130	1	18	48	631	49	365	25	51	112	262
2016	중랑구	상봉2동	2,131	787	9,451	5,020	4,431	-	-	-	-	240	1,027	-	-	1	3	72	390	462	2,380	157	247	535	1,607	25	256	19	289	88	226	41	484	34	708	2	15	40	418	51	456	167	501	197	444
2016	중랑구	중화1동	1,061	351	3,715	1,586	2,129	-	-	-	-	122	623	1	25	1	5	42	148	188	607	252	287	97	244	7	161	3	31	49	114	20	76	6	23	2	17	74	681	48	421	18	28	131	224
2016	중랑구	중화2동	2,126	773	7,516	4,153	3,363	-	-	-	-	260	1,001	-	-	5	29	74	477	519	1,191	310	940	422	929	9	100	17	164	64	545	30	162	26	700	4	106	22	72	59	437	78	182	227	481
2016	중랑구	묵1동	1,471	513	5,369	2,575	2,794	-	-	-	-	68	380	1	78	-	-	48	461	309	1,081	315	337	256	716	13	80	13	114	87	242	11	61	10	52	2	55	60	580	65	496	48	166	165	470
2016	중랑구	묵2동	1,815	525	4,712	2,524	2,188	-	-	1	3	156	664	-	-	-	-	64	332	305	739	634	652	239	557	12	54	7	71	59	148	14	88	13	192	3	180	46	307	46	255	45	99	171	371
2016	중랑구	망우3동	1,107	385	3,728	1,831	1,897	-	-	-	-	252	1,174	-	-	-	-	46	158	191	495	233	468	129	291	2	7	2	19	32	55	4	19	12	66	1	22	36	352	34	377	18	56	115	169
2016	중랑구	신내1동	1,945	596	9,956	5,589	4,367	-	-	-	-	100	388	1	8	3	82	66	719	307	1,091	649	2,199	248	800	8	57	9	61	76	215	20	64	15	157	2	380	127	538	87	2,536	55	160	172	501
2016	중랑구	신내2동	1,136	430	6,165	3,163	3,002	-	-	-	-	15	24	1	2	-	-	22	167	224	600	331	368	120	478	7	90	3	40	51	234	26	67	15	111	7	2,097	101	781	83	804	22	86	108	216
2016	중랑구	면목본동	2,498	938	7,459	3,407	4,052	-	-	-	-	446	1,903	-	-	1	1	80	517	545	1,346	363	439	392	897	10	30	12	99	107	181	34	101	26	134	3	73	67	405	80	640	60	129	272	564
2016	중랑구	면목3.8동	2,090	750	7,040	3,508	3,532	-	-	-	-	320	1,311	-	-	1	13	50	147	399	852	338	831	409	898	5	15	8	88	80	145	20	91	19	61	3	58	62	1,208	62	753	102	173	212	396
2016	중랑구	망우본동	3,871	980	12,246	6,608	5,638	-	-	-	-	363	1,724	-	-	2	45	95	422	652	1,864	1,510	2,575	478	1,091	16	60	19	223	123	341	31	108	28	135	4	115	72	1,033	111	1,462	88	397	279	651
2016	성북구	소계	24,560	8,994	111,442	56,087	55,355	-	-	-	-	2,509	9,462	4	52	14	176	573	4,329	5,278	16,499	3,563	6,834	4,459	13,320	253	1,844	154	1,583	1,138	3,114	453	3,325	216	5,511	54	4,102	1,337	20,637	1,025	11,620	708	2,230	2,822	6,804
2016	성북구	돈암1동	394	141	1,788	856	932	-	-	-	-	12	51	-	-	-	-	11	202	64	133	106	106	31	97	1	1	2	13	35	106	3	7	1	168	1	18	42	592	23	178	9	23	53	93
2016	성북구	돈암2동	398	179	2,168	797	1,371	-	-	-	-	3	6	-	-	-	-	6	13	48	134	90	90	38	78	2	25	7	52	35	242	3	8	2	701	2	68	66	397	28	165	11	41	57	148
2016	성북구	안암동	1,462	441	12,928	6,914	6,014	-	-	-	-	80	431	-	-	-	-	38	189	322	1,303	94	136	442	1,614	31	207	11	93	55	152	59	352	31	346	1	20	61	4,769	35	2,747	59	148	143	421
2016	성북구	보문동	1,303	411	5,195	2,682	2,513	-	-	-	-	250	757	-	-	1	14	35	325	287	1,126	250	339	168	393	10	47	8	99	52	108	27	126	16	653	5	119	28	281	34	522	12	28	120	258
2016	성북구	정릉1동	732	271	2,053	1,021	1,032	-	-	-	-	58	158	-	-	1	6	21	125	126	347	144	150	107	289	3	3	3	24	40	127	8	31	4	8	3	60	61	125	34	404	20	48	99	148
2016	성북구	정릉2동	900	303	2,871	1,511	1,360	-	-	-	-	41	111	-	-	-	-	19	179	148	526	238	409	132	360	6	20	5	43	50	136	6	9	1	10	2	49	52	269	52	490	31	81	117	179
2016	성북구	정릉3동	667	249	4,319	2,426	1,893	-	-	-	-	28	98	-	-	-	-	12	20	100	243	149	383	157	444	5	27	2	13	21	36	8	74	5	123	2	23	37	2,292	26	223	19	59	96	261
2016	성북구	정릉4동	929	295	4,283	2,634	1,649	-	-	-	-	34	116	1	48	-	-	17	104	161	311	241	1,140	143	374	6	38	5	40	46	120	10	24	5	67	3	65	58	1,016	51	455	26	117	122	248
2016	성북구	길음1동	968	507	3,525	1,252	2,273	-	-	-	-	33	104	-	-	-	-	10	20	249	561	3	35	213	616	1	1	10	87	82	245	8	15	9	15	3	70	103	750	86	635	27	70	131	301
2016	성북구	길음2동	1,296	533	4,987	2,108	2,879	-	-	-	-	20	70	-	-	-	-	14	63	450	1,645	238	254	231	929	8	206	7	28	44	154	17	100	12	136	2	21	65	223	47	669	25	136	116	353
2016	성북구	월곡1동	1,376	460	5,062	2,505	2,557	-	-	-	-	182	738	-	-	1	20	37	251	310	850	251	264	168	475	12	60	11	156	54	160	10	308	4	50	3	80	70	538	71	564	30	79	162	469
2016	성북구	월곡2동	1,594	584	7,909	3,813	4,096	-	-	-	-	247	987	1	1	1	3	31	100	363	1,093	160	203	296	970	23	114	8	69	54	178	42	1,183	12	133	2	24	61	1,304	62	1,002	53	184	178	361
2016	성북구	장위1동	1,028	346	2,643	1,207	1,436	-	-	-	-	181	805	-	-	-	-	25	94	194	409	233	242	128	229	-	-	4	35	42	52	3	5	4	11	1	25	32	200	31	179	23	39	127	318
2016	성북구	장위2동	1,606	590	5,015	2,560	2,455	-	-	-	-	385	1,493	-	-	-	-	45	156	373	784	189	428	251	474	8	22	8	66	49	83	17	58	14	402	2	76	34	240	40	339	29	49	162	345
2016	성북구	장위3동	804	222	3,480	2,063	1,417	-	-	-	-	158	769	-	-	1	25	29	138	167	535	155	905	85	189	1	3	1	7	27	58	5	12	10	27	2	55	35	324	21	176	13	60	94	197
2016	성북구	성북동	1,107	434	5,286	2,527	2,759	-	-	-	-	35	108	2	3	-	-	26	165	251	975	83	176	206	867	54	419	10	120	57	150	58	379	14	130	3	54	95	751	52	339	31	154	130	496
2016	성북구	삼선동	1,849	741	10,526	5,206	5,320	-	-	-	-	93	338	-	-	2	3	39	177	427	1,543	164	177	427	1,014	24	104	21	147	76	167	87	303	32	1,055	6	2,569	99	1,736	86	576	71	193	195	424
2016	성북구	동선동	1,936	784	10,556	5,110	5,446	-	-	-	-	52	153	-	-	1	2	41	1,087	397	1,397	91	266	571	2,094	33	468	11	119	115	288	43	213	20	403	2	32	127	2,355	88	636	87	297	257	746
2016	성북구	종암동	2,048	785	7,309	3,669	3,640	-	-	-	-	351	1,053	-	-	-	-	44	301	378	950	285	308	305	868	13	44	11	288	98	293	18	44	9	115	6	605	135	853	92	888	71	222	232	477
2016	성북구	석관동	2,163	718	9,539	5,226	4,313	-	-	-	-	266	1,116	-	-	6	103	73	620	463	1,634	399	823	360	946	12	35	9	84	106	259	21	74	11	958	3	69	76	1,622	66	433	61	202	231	561
2016	강북구	소계	18,742	6,857	69,768	33,306	36,462	-	-	-	-	1,534	6,192	2	239	7	162	496	2,065	3,897	10,639	3,082	6,375	3,666	10,361	99	646	251	4,107	815	1,901	279	1,102	172	2,754	44	2,731	685	5,676	760	7,664	696	1,919	2,257	5,235
2016	강북구	번1동	1,793	690	8,987	3,923	5,064	-	-	-	-	103	347	-	-	3	73	45	305	399	1,269	167	352	364	1,122	15	59	107	1,943	95	259	61	290	30	510	4	452	60	421	70	837	68	314	202	434
2016	강북구	번2동	656	160	3,314	2,062	1,252	-	-	-	-	59	401	1	162	-	-	22	85	106	327	218	666	62	138	4	42	1	14	27	102	6	55	6	171	5	274	10	128	28	498	21	106	80	145
2016	강북구	번3동	860	223	2,922	1,612	1,310	-	-	-	-	49	325	-	-	-	-	14	41	102	360	368	674	87	265	1	5	2	14	37	135	4	18	5	54	2	44	52	266	36	299	19	112	82	310
2016	강북구	수유1동	1,449	573	4,878	2,303	2,575	-	-	-	-	124	430	-	-	-	-	25	95	458	988	205	678	257	491	1	5	8	95	47	85	9	40	11	108	3	67	41	674	54	414	40	134	166	574
2016	강북구	수유2동	1,363	492	4,339	2,038	2,301	-	-	-	-	127	482	-	-	1	55	54	251	299	716	216	231	195	497	10	45	5	33	58	118	12	38	11	496	2	56	63	189	57	581	50	86	203	465
2016	강북구	수유3동	2,399	980	8,658	3,865	4,793	-	-	-	-	141	517	-	-	-	-	55	199	525	1,477	176	225	667	2,156	17	122	54	761	108	225	64	192	31	145	3	1,002	27	146	89	586	185	375	257	530
2016	강북구	삼양동	1,176	436	3,641	1,561	2,080	-	-	-	-	141	557	-	-	-	-	26	68	225	592	242	408	151	278	3	9	4	28	43	87	6	15	4	243	2	62	64	441	62	471	36	84	167	298
2016	강북구	미아동	1,639	624	6,194	2,734	3,460	-	-	-	-	144	603	1	77	-	-	42	167	332	941	221	256	350	840	6	45	22	446	88	179	20	109	21	130	5	207	51	838	70	771	57	101	209	484
2016	강북구	송중동	1,955	709	7,783	3,480	4,303	-	-	-	-	148	634	-	-	-	-	44	101	417	1,344	269	309	459	1,811	15	170	26	576	79	172	25	89	27	560	3	155	74	530	70	710	73	184	226	438
2016	강북구	송천동	2,128	783	7,241	3,418	3,823	-	-	-	-	312	1,249	-	-	1	28	75	276	417	1,165	256	490	412	974	8	42	10	105	98	234	47	194	14	69	6	239	72	835	70	479	44	86	286	776
2016	강북구	삼각산동	781	314	2,354	959	1,395	-	-	-	-	15	54	-	-	-	-	8	20	122	305	180	180	126	332	3	10	4	29	54	140	6	12	3	5	2	47	81	544	68	434	23	73	86	169
2016	강북구	우이동	993	364	3,970	2,491	1,479	-	-	-	-	39	133	-	-	-	-	23	194	192	490	189	1,206	318	936	6	12	2	28	26	65	8	13	2	81	2	19	24	111	32	314	38	141	92	227
2016	강북구	인수동	1,550	509	5,487	2,860	2,627	-	-	-	-	132	460	-	-	2	6	63	263	303	665	375	700	218	521	10	80	6	35	55	100	11	37	7	182	5	107	66	553	54	1,270	42	123	201	385
2016	도봉구	소계	18,686	6,264	70,166	36,585	33,581	1	3	1	6	1,063	4,254	-	-	9	111	493	2,863	3,615	11,017	4,888	9,894	2,735	7,488	80	596	137	1,423	813	2,871	323	1,778	142	1,990	38	3,698	931	7,257	794	8,584	567	1,654	2,056	4,679
2016	도봉구	쌍문1동	928	314	3,908	1,808	2,100	-	-	-	-	50	197	-	-	-	-	22	72	160	465	296	548	135	343	4	15	3	22	32	110	4	6	5	15	2	50	50	1,177	40	634	24	88	101	166
2016	도봉구	쌍문2동	1,308	475	5,503	2,843	2,660	-	-	-	-	88	344	-	-	-	-	47	259	272	855	243	602	193	565	5	18	5	103	50	302	21	80	12	442	2	47	69	422	75	842	49	130	177	492
2016	도봉구	쌍문3동	975	333	4,078	2,108	1,970	-	-	-	-	73	282	-	-	1	22	43	373	254	716	135	152	147	434	6	322	8	56	53	102	6	49	14	70	2	49	46	181	36	1,003	24	60	127	207
2016	도봉구	쌍문4동	616	241	1,922	895	1,027	-	-	-	-	7	18	-	-	-	-	14	50	92	194	190	191	53	150	-	-	1	11	28	128	2	5	-	-	1	20	104	833	25	122	15	41	84	159
2016	도봉구	방학1동	2,330	923	10,831	5,798	5,033	-	-	-	-	122	496	-	-	-	-	61	295	537	1,800	332	1,258	480	1,193	4	18	24	261	115	320	43	483	22	151	9	1,824	98	660	107	1,113	110	247	266	712
2016	도봉구	방학2동	1,244	431	3,029	1,450	1,579	-	-	-	-	150	567	-	-	-	-	41	91	310	653	264	283	156	313	2	10	5	61	25	36	6	18	6	71	1	25	41	225	38	391	30	46	169	239
2016	도봉구	방학3동	871	265	3,127	1,601	1,526	-	-	-	-	14	46	-	-	-	-	15	78	101	288	351	721	97	295	-	-	3	29	45	195	3	16	1	3	2	53	68	490	62	608	22	80	87	225
2016	도봉구	창1동	1,404	402	3,739	1,781	1,958	-	-	-	-	26	90	-	-	1	4	27	153	197	595	629	664	151	443	8	62	6	118	66	175	10	36	9	137	2	48	49	456	62	423	35	118	126	217
2016	도봉구	창2동	1,398	477	4,457	2,294	2,163	-	-	-	-	184	1,012	-	-	1	4	33	94	279	773	341	579	164	375	6	12	5	33	59	136	9	50	6	40	2	54	59	252	54	626	34	120	162	297
2016	도봉구	창3동	969	344	2,242	1,041	1,201	-	-	-	-	85	289	-	-	-	-	29	110	223	462	234	241	158	314	3	5	2	11	35	71	3	5	1	12	1	21	24	165	34	260	25	47	112	229
2016	도봉구	창4동	1,284	428	7,286	3,783	3,503	-	-	-	-	18	66	-	-	1	9	27	609	287	1,463	224	831	205	651	20	60	34	480	71	287	64	403	16	196	4	537	89	812	60	338	49	299	115	245
2016	도봉구	창5동	2,219	534	7,259	3,835	3,424	-	-	-	-	50	203	-	-	-	-	34	252	284	1,108	991	1,253	237	1,037	7	26	18	121	85	273	25	90	16	78	3	137	138	809	85	1,025	62	161	184	686
2016	도봉구	도봉1동	1,701	609	6,063	3,465	2,598	1	3	1	6	146	536	-	-	4	68	57	256	374	889	281	1,333	348	866	11	35	13	55	68	156	21	124	12	179	3	61	44	425	59	542	55	128	203	401
2016	도봉구	도봉2동	1,439	488	6,722	3,883	2,839	-	-	-	-	50	108	-	-	1	4	43	171	245	756	377	1,238	211	509	4	13	10	62	81	580	106	413	22	596	4	772	52	350	57	657	33	89	143	404
2016	노원구	소계	26,271	9,135	114,999	55,326	59,673	1	3	-	-	834	3,973	5	272	14	150	510	2,499	4,983	15,359	6,725	12,484	4,118	14,231	169	1,153	218	3,806	1,255	4,670	415	2,236	220	5,298	39	2,656	1,903	20,447	1,404	16,808	855	2,880	2,603	6,074
2016	노원구	월계1동	1,444	491	6,011	3,573	2,438	-	-	-	-	71	368	-	-	-	-	22	111	254	683	311	811	314	911	13	37	4	37	64	204	23	86	18	178	1	20	59	1,487	62	577	75	167	153	334
2016	노원구	월계2동	922	231	3,313	1,853	1,460	-	-	-	-	35	209	-	-	-	-	15	58	104	275	460	699	73	214	9	21	-	-	33	141	8	44	6	52	2	55	61	1,180	35	219	7	36	74	110
2016	노원구	월계3동	965	316	3,371	1,803	1,568	-	-	-	-	6	10	-	-	-	-	9	36	146	613	417	996	95	222	5	25	3	28	53	187	12	80	7	139	2	72	51	401	74	398	13	29	72	135
2016	노원구	공릉2동	1,944	618	11,763	5,968	5,795	1	3	-	-	80	592	-	-	-	-	30	177	282	803	499	920	359	1,156	40	130	10	70	102	371	35	423	18	44	2	27	152	4,463	81	1,777	78	465	175	342
2016	노원구	하계1동	1,023	387	7,727	3,743	3,984	-	-	-	-	48	433	-	-	-	-	21	155	273	1,065	167	636	177	743	1	3	5	41	46	299	14	158	10	354	3	576	75	1,225	45	1,474	24	150	114	415
2016	노원구	하계2동	387	120	1,248	553	695	-	-	-	-	4	8	-	-	-	-	8	13	40	108	164	164	37	99	-	-	2	18	24	158	2	5	1	1	1	19	34	391	24	173	6	21	40	70
2016	노원구	중계본동	1,184	448	5,296	2,625	2,671	-	-	-	-	43	180	-	-	-	-	28	84	169	553	208	331	184	555	2	205	3	29	59	219	12	40	10	448	1	21	255	1,821	46	301	45	187	119	322
2016	노원구	중계1동	951	365	4,219	1,920	2,299	-	-	-	-	4	7	-	-	-	-	11	48	141	566	177	179	128	600	2	7	4	55	71	334	9	27	5	9	2	61	238	1,696	49	276	28	171	82	183
2016	노원구	중계4동	1,044	409	3,766	1,658	2,108	-	-	-	-	11	25	-	-	1	12	17	64	194	544	202	214	236	654	2	7	6	53	49	162	11	60	6	41	1	22	79	803	63	765	61	155	105	185
2016	노원구	상계1동	3,133	746	10,559	6,192	4,367	-	-	-	-	55	276	-	-	5	28	60	598	382	1,570	1,559	2,291	361	1,207	20	106	7	48	110	342	39	237	21	1,062	3	86	119	771	99	1,203	75	168	218	566
2016	노원구	상계2동	2,459	1,041	9,991	4,059	5,932	-	-	-	-	81	232	-	-	3	21	45	139	720	2,202	175	355	616	2,540	12	112	10	95	120	330	38	167	19	254	2	60	101	658	108	1,560	128	384	281	882
2016	노원구	상계5동	1,568	640	4,708	2,072	2,636	-	-	-	-	107	363	-	-	2	27	48	142	360	716	231	425	239	428	6	27	7	43	72	130	22	72	16	766	2	62	96	271	62	690	56	110	242	436
2016	노원구	상계8동	577	225	1,935	745	1,190	-	-	-	-	6	10	-	-	-	-	10	22	79	218	170	171	58	165	2	8	4	38	28	158	3	6	-	-	1	19	68	533	82	450	18	61	48	76
2016	노원구	상계9동	721	273	2,519	1,082	1,437	-	-	-	-	6	9	-	-	-	-	8	16	110	316	278	311	59	208	-	-	6	67	34	166	2	2	3	41	2	59	83	888	60	311	14	31	56	94
2016	노원구	상계10동	469	146	2,191	1,281	910	-	-	-	-	1	1	-	-	1	24	6	14	58	130	168	760	33	132	1	4	11	74	22	130	16	38	7	46	2	78	49	449	31	171	17	46	46	94
2016	노원구	상계3.4동	1,434	501	4,495	2,482	2,013	-	-	-	-	80	337	-	-	-	-	34	116	278	563	376	1,179	217	385	8	18	2	14	53	164	12	31	14	425	2	32	51	287	58	462	44	77	205	405
2016	노원구	상계6.7동	1,910	690	14,943	5,599	9,344	-	-	-	-	21	36	5	272	-	-	28	137	304	1,235	285	326	325	1,702	12	100	108	2,851	136	566	40	187	18	415	5	1,192	172	1,453	214	3,761	63	239	174	471
2016	노원구	중계2.3동	1,360	609	5,472	2,172	3,300	-	-	-	-	25	76	-	-	-	-	11	22	485	1,353	335	347	167	967	4	117	2	29	45	264	9	32	7	55	2	85	61	1,015	84	721	17	161	106	228
2016	노원구	공릉1동	2,776	879	11,472	5,946	5,526	-	-	-	-	150	801	-	-	2	38	99	547	604	1,846	543	1,369	440	1,343	30	226	24	216	134	345	108	541	34	968	3	110	99	655	127	1,519	86	222	293	726
2016	은평구	소계	24,615	9,287	90,203	42,932	47,271	-	-	-	-	960	3,305	5	156	11	186	673	4,911	5,225	16,302	5,092	8,683	4,157	12,010	163	1,322	172	2,410	1,361	3,415	347	1,565	177	1,665	53	3,838	1,405	9,874	1,117	11,732	777	2,283	2,920	6,546
2016	은평구	녹번동	1,900	605	9,821	4,804	5,017	-	-	-	-	101	372	3	145	-	-	91	766	322	1,641	416	481	256	756	40	130	5	44	113	338	85	399	23	439	8	1,855	79	606	71	1,121	52	114	235	614
2016	은평구	불광1동	1,640	693	6,326	2,514	3,812	-	-	-	-	48	163	-	-	-	-	30	76	305	932	268	297	299	969	7	48	39	943	116	398	12	129	11	12	3	377	104	564	108	689	57	171	233	558
2016	은평구	갈현1동	1,419	545	4,944	2,148	2,796	-	-	-	-	66	175	-	-	-	-	32	112	273	888	186	256	372	1,227	6	11	24	413	62	125	16	197	6	12	3	26	65	274	66	739	85	177	157	312
2016	은평구	갈현2동	1,594	662	6,148	2,595	3,553	-	-	-	-	72	240	-	-	-	-	35	389	360	1,110	226	231	330	1,009	4	16	6	59	62	120	17	101	6	13	2	91	157	1,349	55	765	76	186	186	469
2016	은평구	구산동	1,209	408	5,252	2,364	2,888	-	-	-	-	45	238	-	-	-	-	22	80	192	449	390	804	127	327	5	10	4	33	60	142	8	20	5	226	2	28	96	1,034	62	1,395	20	91	171	375
2016	은평구	대조동	2,553	1,179	8,019	3,492	4,527	-	-	-	-	74	177	-	-	-	-	64	334	830	2,233	228	267	537	1,446	18	187	16	186	139	292	33	100	23	95	4	309	112	589	128	938	76	189	271	677
2016	은평구	응암1동	1,680	666	7,696	3,634	4,062	-	-	-	-	73	269	-	-	2	21	62	1,078	386	1,542	211	222	270	888	17	321	14	159	134	357	66	278	19	87	4	164	98	623	86	1,038	58	177	180	472
2016	은평구	응암2동	610	251	1,823	758	1,065	-	-	-	-	29	84	-	-	-	-	8	65	111	236	149	150	89	199	1	6	4	18	40	94	5	10	2	3	2	59	33	158	33	531	20	79	84	131
2016	은평구	신사1동	1,290	467	3,909	2,005	1,904	-	-	-	-	59	241	1	1	-	-	41	305	233	562	312	477	168	456	9	95	6	52	77	167	16	37	15	37	2	24	75	418	62	613	40	92	174	332
2016	은평구	신사2동	1,639	291	3,686	2,339	1,347	-	-	-	-	28	77	-	-	1	43	27	136	137	433	1,070	1,423	79	177	6	18	1	5	42	116	3	8	9	68	2	76	80	578	40	291	9	14	105	223
2016	은평구	증산동	1,130	412	4,192	2,396	1,796	-	-	-	-	55	245	-	-	1	15	45	316	248	795	238	917	173	410	11	123	4	47	71	165	13	48	8	70	2	23	47	365	45	268	42	117	127	268
2016	은평구	수색동	727	264	2,695	1,761	934	-	-	-	-	39	112	1	10	1	2	14	65	190	532	141	929	137	248	2	37	5	40	43	105	7	29	7	25	3	74	20	103	27	190	16	31	74	163
2016	은평구	진관동	1,539	602	8,504	4,062	4,442	-	-	-	-	11	32	-	-	2	79	18	63	348	1,464	280	1,088	286	1,556	5	217	9	64	124	505	11	49	8	35	6	252	140	1,419	101	912	35	405	155	364
2016	은평구	불광2동	1,347	567	4,290	1,857	2,433	-	-	-	-	45	129	-	-	1	1	33	80	352	866	237	245	221	479	7	25	16	179	66	123	11	30	9	138	4	363	60	614	60	565	31	88	194	365
2016	은평구	응암3동	1,815	741	4,965	2,185	2,780	-	-	-	-	94	323	-	-	-	-	34	147	441	1,086	252	305	426	927	5	8	7	82	71	133	12	29	11	42	2	24	75	568	73	581	82	176	230	534
2016	은평구	역촌동	2,523	934	7,933	4,018	3,915	-	-	-	-	121	428	-	-	3	25	117	899	497	1,533	488	591	387	936	20	70	12	86	141	235	32	101	15	363	4	93	164	612	100	1,096	78	176	344	689
2016	서대문구	소계	19,540	7,226	113,979	56,957	57,022	-	-	-	-	748	2,672	3	452	14	189	496	4,869	4,111	14,526	2,898	5,839	4,301	14,353	373	3,028	197	4,452	985	2,829	519	5,541	376	7,832	43	5,266	1,040	17,686	743	17,557	546	1,628	2,147	5,260
2016	서대문구	천연동	922	376	2,835	1,350	1,485	-	-	-	-	62	148	-	-	-	-	18	44	225	497	81	129	187	373	20	52	5	38	45	107	13	28	14	106	4	146	62	448	57	429	21	65	108	225
2016	서대문구	홍제1동	1,119	453	4,489	2,170	2,319	-	-	-	-	37	199	-	-	-	-	40	633	220	724	158	228	180	432	20	55	6	116	67	252	30	129	15	38	2	50	90	766	71	478	29	67	154	322
2016	서대문구	홍제3동	1,255	537	3,790	1,784	2,006	-	-	-	-	65	170	-	-	-	-	35	132	360	686	157	180	243	593	14	105	7	70	44	109	13	33	9	257	2	164	73	462	55	455	38	71	140	303
2016	서대문구	홍제2동	590	254	1,677	782	895	-	-	-	-	16	93	1	158	-	-	10	47	102	225	66	79	95	245	8	14	4	36	53	105	21	56	6	15	1	22	55	139	35	202	21	46	96	195
2016	서대문구	홍은1동	981	353	2,470	1,198	1,272	-	-	-	-	39	93	1	49	1	4	29	77	244	458	188	256	131	267	18	65	4	32	46	120	15	43	12	20	3	84	59	213	36	372	23	92	132	225
2016	서대문구	홍은2동	1,168	382	5,372	2,934	2,438	-	-	-	-	57	189	-	-	1	19	39	156	185	573	256	709	219	963	16	23	6	34	49	185	18	30	16	36	3	59	92	1,440	51	555	34	107	126	294
2016	서대문구	남가좌1동	733	333	2,047	759	1,288	-	-	-	-	29	54	-	-	-	-	4	12	263	569	62	71	194	452	4	6	6	57	33	103	12	38	9	42	1	28	17	146	36	300	17	47	46	122
2016	서대문구	남가좌2동	1,308	486	4,207	2,195	2,012	-	-	-	-	50	149	-	-	3	91	47	130	283	626	197	211	265	637	13	75	6	52	60	98	20	44	23	229	2	54	74	1,082	52	292	47	102	166	335
2016	서대문구	북가좌1동	642	204	3,126	1,908	1,218	-	-	-	-	21	87	-	-	-	-	23	115	105	430	197	1,011	60	234	8	72	8	25	37	210	8	10	3	5	1	18	58	422	39	280	9	27	65	180
2016	서대문구	북가좌2동	2,330	615	7,183	3,849	3,334	-	-	-	-	86	397	-	-	6	28	71	375	285	744	1,032	1,558	250	641	18	188	9	88	96	228	23	77	15	1,338	4	97	99	284	74	614	51	102	211	424
2016	서대문구	충현동	1,812	606	25,628	15,519	10,109	-	-	-	-	57	201	1	245	2	41	56	1,845	350	3,687	77	556	424	1,269	92	1,325	84	3,444	88	360	124	2,373	112	4,348	8	2,973	69	1,778	49	497	41	135	178	551
2016	서대문구	북아현동	790	275	2,099	1,034	1,065	-	-	-	-	88	305	-	-	-	-	15	42	204	377	118	122	91	228	8	12	3	35	93	197	15	44	7	30	2	50	29	281	31	193	14	35	72	148
2016	서대문구	신촌동	3,642	1,519	37,929	15,358	22,571	-	-	-	-	48	215	-	-	-	-	17	67	740	2,914	54	200	1,513	6,553	78	784	35	296	165	492	112	2,211	79	923	5	259	164	9,081	93	12,064	149	465	390	1,405
2016	서대문구	연희동	2,248	833	11,127	6,117	5,010	-	-	-	-	93	372	-	-	1	6	92	1,194	545	2,016	255	529	449	1,466	56	252	14	129	109	263	95	425	56	445	5	1,262	99	1,144	64	826	52	267	263	531
2016	마포구	소계	36,191	12,006	250,605	137,690	112,915	-	-	-	-	1,385	5,433	8	446	24	331	1,096	14,661	7,784	34,657	3,042	12,869	7,786	28,281	2,598	38,513	577	13,557	1,861	6,771	2,444	18,647	938	33,692	59	4,450	1,545	15,294	1,132	9,577	942	4,329	2,970	9,097
2016	마포구	용강동	2,608	786	19,216	11,327	7,889	-	-	-	-	76	223	1	87	1	2	77	2,033	664	3,770	174	1,258	391	1,613	229	1,547	59	780	157	1,043	221	1,200	111	2,987	5	270	118	1,087	52	320	63	186	209	810
2016	마포구	대흥동	1,583	557	9,646	4,516	5,130	-	-	-	-	73	257	-	-	-	-	27	136	288	938	71	135	394	1,024	49	374	43	729	106	315	91	607	36	795	2	24	100	2,681	93	650	50	371	160	610
2016	마포구	염리동	720	275	3,618	1,855	1,763	-	-	-	-	38	166	-	-	2	3	12	37	150	382	61	427	150	422	31	414	6	68	50	149	29	109	9	240	4	214	48	615	19	149	14	30	97	193
2016	마포구	신수동	1,174	352	5,334	2,908	2,426	-	-	-	-	55	310	-	-	2	21	49	357	245	1,036	179	574	167	446	75	316	7	92	82	204	83	339	15	228	3	193	55	427	37	448	20	60	100	283
2016	마포구	서교동	9,536	3,120	62,203	31,152	31,051	-	-	-	-	204	1,059	1	5	3	62	225	3,438	2,064	10,101	312	2,065	2,677	11,517	861	7,078	145	3,522	407	1,369	789	4,502	298	9,410	6	153	348	2,508	213	1,866	335	1,396	648	2,152
2016	마포구	합정동	2,049	647	14,716	8,752	5,964	-	-	-	-	85	375	-	-	3	45	124	1,817	381	1,548	164	758	410	1,224	196	2,166	84	3,931	89	207	148	714	38	603	2	24	62	376	43	329	54	127	166	472
2016	마포구	망원1동	1,771	506	4,705	2,861	1,844	-	-	-	-	82	235	-	-	1	2	45	561	349	829	507	641	305	751	49	268	8	88	68	119	46	228	17	76	3	101	39	96	61	344	44	105	147	261
2016	마포구	망원2동	1,362	488	5,226	3,060	2,166	-	-	-	-	76	252	-	-	1	4	71	582	301	910	196	864	222	536	43	302	6	32	70	166	44	153	18	203	2	22	79	407	46	271	38	148	149	374
2016	마포구	연남동	1,506	564	5,926	3,182	2,744	-	-	-	-	49	197	-	-	-	-	50	625	287	1,013	103	203	469	1,280	104	482	3	18	55	105	113	516	44	571	2	51	46	360	29	231	29	52	123	222
2016	마포구	성산1동	1,539	444	11,078	7,449	3,629	-	-	-	-	76	335	-	-	2	76	122	1,441	347	1,472	165	803	187	577	133	916	9	54	67	140	108	672	45	3,197	2	30	61	677	34	207	42	123	139	358
2016	마포구	성산2동	1,782	647	11,771	6,055	5,716	-	-	-	-	46	111	-	-	3	20	56	256	508	1,463	292	804	236	656	37	206	6	39	95	545	65	321	22	2,653	5	1,406	119	1,017	80	1,030	31	521	181	723
2016	마포구	상암동	2,341	774	38,152	23,495	14,657	-	-	-	-	47	452	1	79	2	80	40	484	325	4,087	187	2,189	646	2,815	399	19,124	25	731	115	654	124	2,143	28	1,362	6	517	113	1,451	96	926	44	407	143	651
2016	마포구	도화동	2,012	657	15,583	7,703	7,880	-	-	-	-	38	108	-	-	-	-	65	913	482	1,809	163	914	362	1,483	128	1,467	58	858	108	476	149	1,093	66	4,792	1	23	92	399	93	609	44	109	163	530
2016	마포구	서강동	1,699	594	11,958	5,860	6,098	-	-	-	-	40	122	3	270	2	3	35	313	347	1,634	105	324	477	1,668	102	934	8	152	110	270	110	1,230	29	1,596	2	76	93	2,218	53	620	52	188	131	340
2016	마포구	공덕동	2,764	947	18,875	10,118	8,757	-	-	-	-	304	938	-	-	-	-	66	1,198	575	1,937	235	544	457	1,390	94	1,972	57	1,516	154	607	204	1,535	77	3,717	11	821	104	496	108	1,071	56	396	262	737
2016	마포구	아현동	1,745	648	12,598	7,397	5,201	-	-	-	-	96	293	2	5	2	13	32	470	471	1,728	128	366	236	879	68	947	53	947	128	402	120	3,285	85	1,262	3	525	68	479	75	506	26	110	152	381
2016	양천구	소계	26,108	9,421	117,259	63,073	54,186	-	-	-	-	1,189	5,138	3	408	20	322	810	9,137	5,569	17,407	5,098	12,806	3,561	11,260	288	5,233	195	2,441	1,290	4,038	687	3,217	223	4,291	47	5,204	2,280	14,521	1,149	12,221	871	2,721	2,828	6,894
2016	양천구	목1동	2,943	1,168	20,725	10,576	10,149	-	-	-	-	29	106	-	-	4	32	53	1,012	1,028	4,104	96	222	525	2,753	142	4,063	66	1,102	123	569	130	595	44	1,020	4	578	239	1,691	125	1,080	105	555	230	1,243
2016	양천구	목2동	1,139	434	4,094	2,166	1,928	-	-	-	-	27	92	-	-	-	-	66	459	236	906	183	236	179	453	6	154	5	66	77	160	27	106	12	81	1	26	77	326	52	402	43	176	148	451
2016	양천구	목3동	1,242	520	4,644	2,677	1,967	-	-	-	-	43	169	-	-	1	13	45	913	292	795	152	193	211	512	10	25	11	86	59	109	29	162	10	360	2	72	70	292	75	396	59	160	173	387
2016	양천구	목4동	1,326	611	3,853	1,726	2,127	-	-	-	-	55	164	-	-	2	39	41	181	300	832	159	186	240	547	5	34	4	44	61	151	12	41	4	22	1	24	124	722	70	444	46	103	202	319
2016	양천구	신월1동	1,775	649	5,063	2,808	2,255	-	-	-	-	207	879	-	-	1	61	67	400	431	1,067	333	652	260	533	5	10	4	44	65	134	11	22	9	82	2	68	45	220	58	462	64	108	213	321
2016	양천구	신월2동	1,239	365	3,984	2,311	1,673	-	-	-	-	94	416	-	-	2	18	66	458	258	696	363	684	101	218	7	29	5	47	68	221	8	33	7	38	1	21	59	450	55	405	26	46	119	204
2016	양천구	신월3동	958	280	4,277	2,562	1,715	-	-	-	-	84	590	-	-	1	4	31	179	257	796	253	926	102	289	1	7	9	39	22	46	7	105	7	38	2	58	31	634	40	359	19	51	92	156
2016	양천구	신월4동	1,164	390	3,745	2,376	1,369	-	-	-	-	37	160	-	-	-	-	44	582	189	364	356	1,053	168	353	2	3	6	54	54	136	8	22	9	38	1	18	67	231	51	404	29	53	143	274
2016	양천구	신월5동	1,010	341	4,422	2,631	1,791	-	-	-	-	108	543	-	-	-	-	51	372	221	681	184	397	146	346	3	15	4	25	35	53	6	12	7	751	3	152	45	359	32	374	39	83	126	259
2016	양천구	신월6동	1,460	191	3,231	2,206	1,025	-	-	-	-	37	139	-	-	2	39	23	251	126	342	1,048	1,353	63	156	-	-	3	48	26	77	6	34	8	85	1	16	17	245	30	239	20	39	50	168
2016	양천구	신월7동	1,391	448	5,695	3,741	1,954	-	-	-	-	118	523	-	-	3	21	41	211	250	657	424	1,662	161	326	7	12	3	31	53	117	14	65	8	50	4	714	55	330	50	593	47	171	153	212
2016	양천구	신정1동	1,099	493	4,929	2,311	2,618	-	-	-	-	40	119	-	-	-	-	26	198	206	644	59	76	214	619	10	34	7	61	79	349	58	254	10	103	4	979	133	596	59	331	42	78	152	488
2016	양천구	신정2동	1,104	459	3,612	1,646	1,966	-	-	-	-	28	89	-	-	-	-	35	119	220	605	118	146	156	546	3	10	3	42	68	214	31	111	10	36	1	25	186	986	57	308	52	134	136	241
2016	양천구	신정3동	1,882	601	9,536	5,699	3,837	-	-	-	-	51	342	-	-	-	-	37	814	279	831	736	2,705	175	554	9	144	7	46	94	302	14	120	9	520	4	121	135	1,269	109	1,172	54	177	169	419
2016	양천구	신정6동	738	312	5,769	2,834	2,935	-	-	-	-	8	17	2	249	-	-	17	164	104	284	46	46	64	218	6	11	10	124	66	215	53	204	6	102	8	2,053	228	1,263	31	477	22	145	67	197
2016	양천구	신정7동	991	331	4,481	2,483	1,998	-	-	-	-	46	126	-	-	1	3	15	61	162	575	226	1,062	129	432	5	8	3	36	53	284	13	48	2	5	3	104	107	835	62	430	47	162	117	310
2016	양천구	목5동	1,525	672	10,258	4,440	5,818	-	-	-	-	16	36	1	159	1	65	29	585	298	830	47	53	186	956	28	497	17	254	128	544	25	233	10	179	3	92	487	2,842	65	2,404	36	200	148	329
2016	양천구	신정4동	3,122	1,156	14,941	7,880	7,061	-	-	-	-	161	628	-	-	2	27	123	2,178	712	2,398	315	1,154	481	1,449	39	177	28	292	159	357	235	1,050	51	781	2	83	175	1,230	128	1,941	121	280	390	916
2016	강서구	소계	34,662	11,964	207,406	113,755	93,651	1	29	-	-	1,201	6,728	6	475	41	606	1,064	11,720	8,301	32,734	7,072	50,983	5,215	18,231	554	7,345	291	4,287	1,870	6,148	800	7,391	390	14,870	57	3,549	1,701	13,163	1,429	15,892	1,068	3,180	3,601	10,075
2016	강서구	염창동	2,149	702	15,633	9,592	6,041	-	-	-	-	100	733	1	325	4	22	93	1,535	479	2,572	307	1,671	271	1,023	84	2,179	16	129	165	767	88	1,073	18	440	2	58	162	967	87	1,078	65	197	207	864
2016	강서구	등촌1동	1,939	652	15,729	9,171	6,558	-	-	-	-	95	980	-	-	3	24	81	1,102	486	2,223	217	2,054	285	1,082	109	1,182	28	544	133	425	110	2,440	29	818	4	427	53	364	67	954	54	202	185	908
2016	강서구	등촌2동	735	262	3,454	1,816	1,638	-	-	-	-	37	144	-	-	-	-	27	153	148	597	146	358	108	318	5	49	3	26	41	79	14	127	9	79	4	124	45	674	28	313	20	80	100	333
2016	강서구	등촌3동	2,627	945	22,329	11,036	11,293	-	-	-	-	54	333	-	-	1	3	64	768	803	3,824	394	1,463	345	1,888	57	622	41	889	133	549	96	498	64	6,334	2	94	174	1,717	113	2,073	70	371	216	903
2016	강서구	화곡본동	1,355	522	4,047	1,773	2,274	-	-	-	-	47	232	-	-	-	-	24	153	271	654	276	350	264	603	11	30	7	85	61	135	19	67	7	22	2	71	83	450	86	818	38	104	159	273
2016	강서구	화곡2동	852	309	2,790	1,326	1,464	-	-	-	-	26	136	-	-	-	-	20	168	308	1,021	175	191	77	173	1	6	1	2	31	50	4	10	4	10	1	20	65	358	28	438	16	43	95	164
2016	강서구	화곡3동	1,227	493	5,360	2,506	2,854	-	-	-	-	45	137	-	-	1	9	46	635	220	701	165	290	245	770	13	66	26	411	68	192	28	125	16	543	2	45	81	297	60	628	57	165	154	346
2016	강서구	화곡4동	1,444	560	3,860	1,866	1,994	-	-	-	-	82	271	-	-	1	11	40	165	409	1,011	223	292	245	547	6	16	5	52	47	81	13	58	8	20	2	74	57	377	47	411	70	172	189	302
2016	강서구	화곡6동	1,850	687	11,322	5,996	5,326	-	-	-	-	53	265	-	-	2	6	58	559	339	1,765	207	1,154	499	1,968	33	262	31	641	98	282	95	541	24	646	5	804	52	794	69	866	95	223	190	546
2016	강서구	화곡8동	1,230	497	3,229	1,564	1,665	-	-	-	-	30	60	-	-	-	-	27	143	315	782	218	238	191	426	10	172	6	59	76	120	12	70	10	135	1	24	46	126	77	544	41	92	170	238
2016	강서구	가양1동	1,809	514	14,040	9,004	5,036	-	-	-	-	67	534	-	-	6	292	59	557	459	3,209	289	1,719	244	953	60	1,234	31	343	187	752	54	690	28	2,073	1	21	59	574	54	318	44	188	167	583
2016	강서구	가양2동	640	223	3,495	1,696	1,799	-	-	-	-	13	92	1	3	-	-	16	67	142	591	117	197	68	210	9	32	7	56	45	247	28	136	7	312	2	78	21	329	55	730	23	101	86	314
2016	강서구	가양3동	933	203	7,631	4,569	3,062	-	-	-	-	55	640	-	-	1	3	27	487	227	1,881	273	869	47	197	49	791	-	-	42	272	56	587	13	395	3	466	39	376	31	343	10	56	60	268
2016	강서구	발산1동	2,322	767	11,966	6,580	5,386	-	-	-	-	54	284	-	-	6	78	32	329	890	2,974	384	1,999	263	1,129	7	26	20	355	91	252	23	112	12	307	4	179	183	1,855	108	1,347	44	152	201	588
2016	강서구	공항동	1,973	646	35,503	19,418	16,085	1	29	-	-	61	409	-	-	5	48	95	791	514	1,629	460	28,291	338	1,220	20	76	11	101	79	219	27	103	25	615	7	253	45	520	45	576	56	174	184	449
2016	강서구	방화1동	2,879	952	10,377	5,328	5,049	-	-	-	-	70	351	-	-	-	-	61	791	561	1,670	867	1,904	387	1,092	15	78	12	98	169	407	30	91	26	720	1	22	156	977	135	1,215	78	203	311	758
2016	강서구	방화2동	2,932	839	13,631	8,597	5,034	-	-	-	-	65	244	1	48	5	75	84	885	665	2,394	1,219	5,482	331	1,506	11	237	8	75	80	221	26	128	22	433	6	184	57	419	56	637	63	152	233	511
2016	강서구	방화3동	932	269	4,739	2,724	2,015	-	-	-	-	14	33	1	4	4	33	24	100	154	409	353	1,381	91	289	16	57	7	77	52	259	15	300	15	505	3	79	43	510	37	342	14	74	89	287
2016	강서구	화곡1동	3,126	1,218	10,841	5,690	5,151	-	-	-	-	200	724	1	1	1	1	138	1,820	601	1,786	483	605	691	2,101	29	191	14	129	145	404	37	107	27	156	3	80	88	515	136	1,146	147	273	385	802
2016	강서구	우장산동	1,708	704	7,430	3,503	3,927	-	-	-	-	33	126	1	94	1	1	48	512	310	1,041	299	475	225	736	9	39	17	215	127	435	25	128	26	307	2	446	192	964	110	1,115	63	158	220	638
2016	구로구	소계	38,033	10,923	211,391	123,307	88,084	1	1	-	-	3,690	19,621	5	105	19	179	1,014	12,160	12,166	39,243	4,722	9,620	4,671	14,448	2,017	29,330	446	7,971	1,370	5,219	1,461	15,128	592	20,501	46	4,325	1,202	10,180	1,064	12,740	844	2,364	2,703	8,256
2016	구로구	신도림동	2,835	840	14,839	7,684	7,155	-	-	-	-	734	2,156	-	-	2	9	49	903	742	2,861	188	363	323	1,823	55	569	57	1,322	114	541	80	577	26	1,227	4	51	155	1,138	91	600	50	163	165	536
2016	구로구	구로1동	626	252	3,021	1,923	1,098	-	-	-	-	35	156	-	-	1	2	18	148	124	355	88	312	72	196	19	54	4	38	46	199	10	26	13	598	2	47	59	427	37	205	20	54	78	204
2016	구로구	구로3동	6,881	1,464	82,785	52,871	29,914	-	-	-	-	839	10,204	-	-	3	44	136	3,682	1,450	9,251	164	1,067	771	3,496	1,562	26,773	151	2,841	267	1,296	788	10,658	171	8,330	7	337	143	1,908	107	1,020	109	453	213	1,425
2016	구로구	구로4동	2,023	930	5,011	2,236	2,775	-	-	-	-	62	120	2	10	2	19	35	131	563	1,077	168	258	425	865	26	83	27	116	92	259	67	254	70	158	3	93	74	323	105	651	79	137	223	457
2016	구로구	구로5동	4,857	1,304	26,516	14,918	11,598	-	-	-	-	131	485	-	-	1	2	129	3,157	1,457	3,994	1,392	2,450	517	1,719	166	1,035	87	2,716	173	987	171	1,758	86	4,203	3	108	105	678	91	1,573	102	315	246	1,336
2016	구로구	고척1동	2,629	700	9,475	5,408	4,067	-	-	-	-	565	1,389	2	93	3	11	151	833	788	2,111	265	457	315	995	13	53	10	161	68	312	25	131	15	134	3	199	66	947	67	910	77	306	196	433
2016	구로구	고척2동	1,427	527	3,976	1,921	2,055	-	-	-	-	96	287	-	-	-	-	45	200	341	825	284	312	188	437	5	9	4	42	64	174	9	24	10	37	3	97	84	462	72	540	33	144	189	386
2016	구로구	개봉2동	1,133	418	2,989	1,296	1,693	-	-	-	-	24	61	-	-	2	9	28	92	191	492	275	331	167	453	10	24	8	64	58	140	7	15	9	38	2	73	86	253	80	605	37	87	149	252
2016	구로구	개봉3동	1,012	388	5,099	2,708	2,391	1	1	-	-	47	123	-	-	-	-	37	199	214	530	216	247	155	311	7	50	4	38	38	77	9	22	8	2,372	2	21	66	459	41	305	26	60	141	284
2016	구로구	오류1동	1,121	407	5,158	2,461	2,697	-	-	-	-	25	154	-	-	-	-	30	454	268	652	175	231	214	567	18	79	8	81	65	208	23	108	17	1,374	2	89	39	285	58	387	48	102	131	387
2016	구로구	오류2동	1,573	517	7,882	4,592	3,290	-	-	-	-	54	315	-	-	2	14	42	243	294	1,163	431	1,278	201	581	15	50	11	71	79	276	24	134	12	117	4	862	126	1,340	86	894	35	83	157	461
2016	구로구	수궁동	1,272	360	5,881	3,770	2,111	-	-	-	-	152	1,148	-	-	-	-	50	318	218	796	333	976	158	332	17	172	7	39	44	79	14	109	6	16	4	197	54	955	44	427	32	58	139	259
2016	구로구	가리봉동	976	433	2,820	1,247	1,573	-	-	-	-	50	159	-	-	-	-	23	164	237	404	76	92	275	447	10	28	17	54	30	88	16	39	32	229	1	35	14	85	26	653	66	105	103	238
2016	구로구	구로2동	7,912	1,756	30,343	17,551	12,792	-	-	-	-	783	2,513	-	-	2	39	181	1,322	4,875	13,599	323	710	592	1,442	86	332	44	320	160	417	196	1,144	97	1,586	4	2,081	56	405	92	3,244	80	179	341	1,010
2016	구로구	개봉1동	1,756	627	5,596	2,721	2,875	-	-	-	-	93	351	1	2	1	30	60	314	404	1,133	344	536	298	784	8	19	7	68	72	166	22	129	20	82	2	35	75	515	67	726	50	118	232	588
2016	금천구	소계	30,987	8,357	225,578	141,639	83,939	1	4	2	2	5,249	42,463	4	12	26	241	1,045	14,333	8,725	39,341	2,818	9,125	3,339	10,683	2,354	33,102	230	2,841	990	4,313	1,836	28,780	510	19,630	32	1,981	651	5,096	658	6,381	538	1,499	1,979	5,751
2016	금천구	가산동	13,752	2,866	153,745	99,932	53,813	1	4	2	2	2,619	28,521	3	9	8	33	380	9,277	3,888	24,852	509	3,597	1,108	4,861	2,191	31,773	143	2,029	406	2,636	1,453	26,825	330	14,826	5	104	157	1,141	97	959	117	414	335	1,882
2016	금천구	독산1동	3,922	1,099	24,440	15,388	9,052	-	-	-	-	1,044	8,461	-	-	5	61	90	1,244	988	4,671	379	2,092	424	1,234	102	790	26	303	159	705	140	937	51	742	4	84	77	681	85	1,096	81	205	267	1,134
2016	금천구	독산2동	1,178	434	3,542	1,912	1,630	-	-	-	-	122	383	-	-	-	-	54	521	233	593	216	399	175	372	1	2	5	32	41	60	9	37	7	34	2	48	45	285	66	447	28	59	174	270
2016	금천구	독산3동	2,190	823	8,267	4,649	3,618	-	-	-	-	359	1,367	-	-	-	-	61	256	510	1,158	244	429	352	728	5	11	19	125	90	190	89	401	20	1,650	6	165	47	467	67	741	60	132	261	447
2016	금천구	독산4동	1,011	402	3,674	1,939	1,735	-	-	-	-	141	554	-	-	3	59	30	104	177	502	156	346	207	585	3	360	5	49	36	64	7	27	16	51	3	135	32	151	32	310	47	154	116	223
2016	금천구	시흥1동	2,986	1,181	13,912	7,029	6,883	-	-	-	-	285	1,369	-	-	4	34	93	1,041	742	2,119	319	395	620	1,845	16	90	12	141	115	300	43	228	34	1,744	7	1,302	111	692	141	1,554	110	239	334	819
2016	금천구	시흥2동	576	170	2,005	772	1,233	-	-	-	-	8	20	-	-	-	-	9	40	66	164	258	258	37	85	1	1	2	31	29	107	1	2	-	-	1	20	62	715	42	372	8	101	52	89
2016	금천구	시흥3동	3,340	603	10,610	7,569	3,041	-	-	-	-	550	1,378	1	3	5	44	263	1,653	1,756	4,544	230	744	130	286	28	57	11	77	41	114	78	285	49	578	1	17	27	409	20	106	24	37	126	278
2016	금천구	시흥4동	859	300	1,938	826	1,112	-	-	-	-	54	171	-	-	1	10	24	39	131	252	280	296	98	183	3	12	2	16	27	49	5	5	-	-	1	25	41	325	41	275	18	57	133	223
2016	금천구	시흥5동	1,173	479	3,445	1,623	1,822	-	-	-	-	67	239	-	-	-	-	41	158	234	486	227	569	188	504	4	6	5	38	46	88	11	33	3	5	2	81	52	230	67	521	45	101	181	386
2016	영등포구	소계	43,678	13,015	366,625	215,918	150,707	-	-	1	1	4,248	14,707	9	812	25	426	1,374	18,803	11,892	55,129	4,000	13,268	6,992	26,346	1,853	31,974	1,137	52,793	2,021	12,876	2,384	32,586	995	56,493	69	8,482	1,253	9,097	1,148	14,980	1,049	4,134	3,228	13,718
2016	영등포구	여의동	7,966	2,237	152,605	95,030	57,575	-	-	-	-	115	556	3	589	6	99	168	5,642	1,711	14,893	173	2,697	1,640	9,766	800	18,668	551	41,090	418	4,011	1,016	20,801	297	18,590	18	4,223	206	1,635	195	3,431	125	1,328	524	4,586
2016	영등포구	당산1동	3,183	968	18,621	10,624	7,997	-	-	-	-	212	606	-	-	-	-	107	1,579	1,093	3,488	170	1,175	562	1,217	88	513	86	1,521	127	347	244	1,495	62	2,870	5	2,012	50	288	60	724	82	211	235	575
2016	영등포구	당산2동	2,306	752	21,446	11,894	9,552	-	-	-	-	89	603	-	-	3	33	99	1,302	487	2,465	135	898	391	1,374	131	1,320	82	3,150	180	584	146	1,099	64	5,509	5	112	138	1,157	109	684	69	256	178	900
2016	영등포구	양평1동	3,246	546	23,475	13,723	9,752	-	-	-	-	406	1,675	-	-	1	14	88	1,733	621	4,306	1,154	2,144	285	739	112	1,535	42	811	107	538	135	1,505	49	6,625	3	271	44	338	36	445	29	70	134	726
2016	영등포구	양평2동	2,154	599	19,830	12,290	7,540	-	-	-	-	194	1,536	1	108	2	26	85	1,108	517	3,882	179	1,468	321	1,033	172	2,243	55	1,157	110	527	178	2,669	49	1,951	3	182	79	777	45	480	45	137	119	546
2016	영등포구	신길1동	1,176	466	6,721	3,772	2,949	-	-	-	-	59	161	-	-	1	2	40	236	305	717	114	126	230	554	25	85	5	47	56	2,087	23	357	25	583	2	52	45	256	48	1,026	50	110	148	322
2016	영등포구	신길3동	985	384	2,745	1,351	1,394	-	-	-	-	63	167	-	-	1	1	38	150	302	690	126	135	142	315	7	14	10	106	50	145	9	34	8	216	1	21	34	156	47	319	31	79	116	197
2016	영등포구	신길4동	491	164	1,691	740	951	-	-	-	-	23	155	-	-	1	1	19	59	114	420	82	95	69	137	5	51	6	62	29	67	5	15	4	5	1	18	28	138	27	290	11	23	67	155
2016	영등포구	신길5동	655	211	3,031	1,860	1,171	-	-	-	-	38	110	-	-	-	-	45	636	160	428	123	344	108	264	7	27	3	27	24	50	5	9	10	121	3	57	19	369	16	245	21	155	73	189
2016	영등포구	신길6동	1,277	471	4,697	2,183	2,514	-	-	-	-	65	194	-	-	-	-	53	273	254	741	163	199	198	605	13	64	6	41	103	387	58	320	16	341	3	227	74	399	71	527	44	90	156	289
2016	영등포구	신길7동	533	197	2,676	1,333	1,343	-	-	-	-	22	61	1	44	-	-	15	124	124	407	52	64	107	356	18	68	6	32	26	85	17	275	9	113	2	275	34	255	25	274	19	52	56	191
2016	영등포구	대림1동	1,128	465	4,251	1,792	2,459	-	-	-	-	83	256	-	-	-	-	57	186	304	709	107	123	214	506	13	34	10	84	56	101	20	51	11	24	1	20	29	167	52	1,668	37	70	134	252
2016	영등포구	대림2동	1,390	620	4,513	2,165	2,348	-	-	-	-	68	145	-	-	2	2	28	150	325	1,120	97	116	388	889	13	31	35	101	59	124	36	72	40	366	2	59	32	227	38	618	60	115	167	378
2016	영등포구	대림3동	2,807	752	11,203	6,648	4,555	-	-	-	-	236	1,218	-	-	-	-	138	906	620	2,504	728	922	336	762	15	237	29	235	94	219	64	254	81	1,449	3	59	91	517	61	833	95	166	216	922
2016	영등포구	영등포본동	1,470	617	5,715	2,720	2,995	-	-	-	-	40	114	-	-	1	20	28	216	585	1,821	153	523	246	939	15	100	7	41	60	141	20	82	30	91	4	119	57	699	46	330	45	111	133	368
2016	영등포구	영등포동	6,524	2,112	39,392	20,797	18,595	-	-	1	1	509	1,541	1	49	3	39	220	1,789	2,747	8,698	128	680	1,144	5,037	174	3,457	122	2,146	267	1,167	167	1,232	130	7,585	5	298	122	695	153	2,271	169	818	462	1,889
2016	영등포구	도림동	984	344	3,334	2,029	1,305	-	-	-	-	70	201	-	-	-	-	43	412	250	654	122	298	130	280	17	75	8	92	55	123	25	109	15	450	2	21	50	128	36	189	32	49	129	253
2016	영등포구	문래동	5,403	1,110	40,679	24,967	15,712	-	-	-	-	1,956	5,408	3	22	4	189	103	2,302	1,373	7,186	194	1,261	481	1,573	228	3,452	74	2,050	200	2,173	216	2,207	95	9,604	6	456	121	896	83	626	85	294	181	980
2016	동작구	소계	19,747	7,679	108,058	53,552	54,506	-	-	-	-	610	2,173	6	367	13	183	558	4,852	4,727	15,828	2,192	3,338	4,034	12,631	249	4,205	191	3,327	1,216	5,613	422	6,834	260	11,714	37	3,192	1,211	14,430	946	11,315	755	2,471	2,320	5,585
2016	동작구	노량진2동	1,554	543	6,340	3,488	2,852	-	-	-	-	31	71	-	-	2	50	21	41	802	2,002	71	85	285	797	16	262	19	268	49	84	23	108	13	457	3	1,187	35	238	25	267	46	111	113	312
2016	동작구	상도1동	1,704	676	8,381	4,447	3,934	-	-	-	-	50	204	-	-	-	-	48	376	312	1,222	199	352	412	1,380	34	235	8	79	103	244	36	139	19	124	3	67	139	2,593	85	680	62	163	194	523
2016	동작구	상도2동	1,287	549	4,543	2,135	2,408	-	-	-	-	45	145	1	63	1	29	29	238	289	763	127	152	241	676	10	41	8	84	101	210	28	109	13	48	3	127	90	558	91	853	47	121	163	326
2016	동작구	상도3동	946	380	2,683	1,249	1,434	-	-	-	-	43	126	-	-	-	-	44	186	208	605	185	221	138	351	1	6	7	49	52	91	6	28	6	34	3	83	31	137	55	404	40	99	127	263
2016	동작구	상도4동	983	353	2,910	1,296	1,614	-	-	-	-	41	152	-	-	1	6	35	93	179	477	258	332	141	353	5	25	2	21	43	97	9	14	3	4	1	27	61	388	55	645	24	48	125	228
2016	동작구	사당1동	1,845	657	9,566	4,676	4,890	-	-	-	-	56	137	1	87	-	-	70	627	363	1,355	138	201	405	1,232	34	358	68	1,691	137	431	78	606	39	930	2	76	93	453	85	652	71	160	205	570
2016	동작구	사당3동	1,005	344	4,316	2,193	2,123	-	-	-	-	37	97	-	-	1	16	38	193	204	473	147	207	132	348	15	45	5	31	73	410	20	55	16	825	3	68	88	961	42	240	23	52	161	295
2016	동작구	사당4동	684	271	1,738	784	954	-	-	-	-	29	79	-	-	-	-	25	91	174	422	114	127	96	208	-	-	3	41	36	78	4	10	2	6	1	20	24	112	48	315	22	50	106	179
2016	동작구	사당5동	506	163	1,709	894	815	-	-	-	-	24	75	-	-	2	29	30	120	92	265	100	128	56	157	12	28	1	4	28	72	10	107	6	11	1	18	39	351	18	101	8	107	79	136
2016	동작구	대방동	1,660	614	12,152	6,823	5,329	-	-	-	-	41	238	-	-	1	8	61	1,691	347	1,499	180	360	264	1,006	26	379	14	249	116	377	49	1,048	26	1,604	2	82	196	1,836	97	859	54	176	186	740
2016	동작구	신대방1동	1,060	442	4,364	2,102	2,262	-	-	-	-	48	155	-	-	2	8	41	290	246	922	107	140	169	450	10	39	12	154	75	206	29	185	25	564	2	73	66	443	58	394	33	86	137	255
2016	동작구	신대방2동	1,219	459	24,086	11,297	12,789	-	-	-	-	56	273	2	199	1	4	35	529	210	2,516	101	146	274	971	32	2,427	17	407	74	2,317	55	4,185	32	5,326	5	839	53	453	65	2,475	45	506	162	513
2016	동작구	흑석동	1,495	658	10,142	4,709	5,433	-	-	-	-	39	125	-	-	2	33	32	136	324	729	164	449	382	1,237	11	58	8	86	103	276	15	32	21	570	1	29	93	3,393	65	2,457	50	137	185	395
2016	동작구	노량진1동	2,148	895	9,310	4,702	4,608	-	-	-	-	29	67	1	15	-	-	26	141	580	1,269	167	212	646	2,171	25	180	9	70	127	373	21	61	25	1,078	6	471	127	2,036	63	394	146	453	150	319
2016	동작구	사당2동	1,651	675	5,818	2,757	3,061	-	-	-	-	41	229	1	3	-	-	23	100	397	1,309	134	226	393	1,294	18	122	10	93	99	347	39	147	14	133	1	25	76	478	94	579	84	202	227	531
2016	관악구	소계	26,377	9,765	113,781	59,786	53,995	-	-	1	2	1,308	5,376	-	-	12	155	710	9,352	5,287	16,460	4,233	6,507	5,519	16,956	299	2,991	177	2,108	1,443	4,192	595	4,626	286	7,199	51	3,249	1,239	14,289	1,121	10,277	998	2,919	3,098	7,123
2016	관악구	보라매동	1,397	598	6,434	3,235	3,199	-	-	-	-	65	210	-	-	-	-	38	367	444	1,214	193	307	243	682	21	450	11	112	53	226	17	609	12	684	1	29	58	583	52	547	33	75	156	339
2016	관악구	청림동	443	206	1,185	514	671	-	-	-	-	15	35	-	-	-	-	11	21	67	189	82	82	62	144	1	4	1	12	28	84	4	20	2	31	1	19	54	139	32	208	16	69	67	128
2016	관악구	행운동	1,464	590	6,151	2,880	3,271	-	-	-	-	47	171	-	-	-	-	37	244	324	1,842	154	187	275	768	25	273	15	182	82	228	47	207	17	55	3	48	96	706	81	614	48	155	213	471
2016	관악구	낙성대동	1,265	453	7,741	4,179	3,562	-	-	-	-	63	207	-	-	-	-	35	570	199	879	76	518	417	1,760	36	393	14	231	73	295	50	555	18	815	2	76	33	229	51	540	66	255	132	418
2016	관악구	중앙동	1,086	364	5,076	2,501	2,575	-	-	-	-	62	177	-	-	-	-	31	692	210	774	150	172	215	711	11	43	15	184	76	293	27	108	7	477	1	18	54	533	68	455	36	120	123	319
2016	관악구	인헌동	1,047	403	4,006	1,864	2,142	-	-	-	-	53	477	-	-	1	14	20	172	220	572	170	174	185	457	15	389	8	109	63	199	24	248	6	159	2	22	50	293	62	313	42	89	126	319
2016	관악구	남현동	874	335	5,163	2,887	2,276	-	-	-	-	19	82	-	-	-	-	18	452	158	786	97	105	241	930	17	142	11	222	42	90	23	539	15	823	6	109	53	302	43	219	25	60	106	302
2016	관악구	서원동	1,296	521	7,974	3,960	4,014	-	-	-	-	17	60	-	-	1	15	25	755	304	1,227	120	128	395	1,782	13	117	18	171	53	290	32	136	14	1,193	2	80	45	257	49	1,019	70	232	138	512
2016	관악구	신원동	851	345	2,453	1,070	1,383	-	-	-	-	56	159	-	-	-	-	25	114	230	510	91	93	164	330	5	19	5	22	42	65	20	73	8	100	2	153	44	235	34	235	21	36	104	309
2016	관악구	서림동	1,316	338	3,296	2,035	1,261	-	-	-	-	30	84	-	-	-	-	27	89	166	433	569	920	225	478	6	37	1	11	51	126	4	16	17	51	2	74	47	365	35	356	37	87	99	169
2016	관악구	신사동	1,422	532	4,712	2,528	2,184	-	-	-	-	134	589	-	-	-	-	63	600	362	920	121	251	230	526	11	31	7	132	86	165	30	104	19	214	2	54	56	338	45	346	49	118	207	324
2016	관악구	신림동	1,623	693	5,671	2,829	2,842	-	-	-	-	37	106	-	-	2	2	25	398	310	977	57	62	604	1,913	14	285	8	53	136	294	25	87	16	53	2	54	25	85	64	546	101	255	197	501
2016	관악구	난향동	420	149	1,926	918	1,008	-	-	-	-	17	61	-	-	-	-	9	29	59	131	137	279	44	106	1	9	3	16	20	58	2	2	4	613	2	47	33	253	30	183	13	35	46	104
2016	관악구	조원동	2,184	735	7,073	4,093	2,980	-	-	-	-	237	950	-	-	3	59	74	511	433	1,237	507	642	358	966	19	241	12	109	96	253	46	273	29	384	2	333	44	210	55	357	75	178	194	370
2016	관악구	대학동	1,701	628	12,609	6,998	5,611	-	-	-	-	20	83	-	-	1	1	11	20	189	568	116	393	685	2,132	39	208	7	101	107	245	104	1,071	33	316	4	36	72	6,024	40	549	146	580	127	282
2016	관악구	은천동	1,596	568	7,330	3,851	3,479	-	-	-	-	117	535	-	-	2	37	55	1,062	294	1,057	270	626	264	641	13	94	10	132	84	214	27	153	13	153	4	157	106	545	67	1,278	45	95	225	551
2016	관악구	성현동	880	310	2,964	1,441	1,523	-	-	-	-	34	160	-	-	-	-	31	128	121	248	232	238	77	175	7	18	2	15	50	149	12	132	3	272	1	32	103	740	57	387	20	84	130	186
2016	관악구	청룡동	1,866	722	11,207	6,571	4,636	-	-	-	-	57	191	-	-	2	27	61	2,672	401	1,100	132	155	410	1,463	36	207	14	163	156	510	65	196	32	168	6	1,760	81	886	90	934	73	176	250	599
2016	관악구	난곡동	959	309	2,411	1,181	1,230	-	-	-	-	38	110	-	-	-	-	32	68	182	420	270	281	108	258	3	7	5	44	33	56	5	12	5	23	1	29	50	437	53	338	29	78	145	250
2016	관악구	삼성동	1,062	386	2,372	1,161	1,211	-	-	-	-	31	68	-	-	-	-	25	47	278	533	325	342	116	220	3	6	4	25	44	129	3	7	4	22	1	37	48	418	37	286	12	18	131	214
2016	관악구	미성동	1,625	580	6,027	3,090	2,937	-	-	1	2	159	861	-	-	-	-	57	341	336	843	364	552	201	514	3	18	6	62	68	223	28	78	12	593	4	82	87	711	76	567	41	124	182	456
2016	서초구	소계	46,404	14,603	427,227	257,242	169,985	4	15	1	5	1,082	6,598	11	144	17	233	1,887	60,501	12,459	67,812	1,425	10,156	6,655	32,203	2,332	31,609	898	18,879	3,228	16,546	6,459	67,721	1,113	44,419	66	11,200	2,439	20,679	1,619	18,841	1,261	5,931	3,448	13,735
2016	서초구	서초1동	3,626	952	29,810	18,056	11,754	-	-	-	-	84	639	1	1	-	-	120	3,324	1,026	5,720	70	400	471	1,781	224	2,643	75	1,347	268	1,027	580	4,817	100	3,736	3	82	149	1,731	112	1,216	96	259	247	1,087
2016	서초구	서초2동	4,406	1,223	48,060	29,199	18,861	1	4	-	-	71	753	2	120	2	36	160	5,276	1,077	6,286	67	784	518	2,740	366	4,717	187	8,936	350	1,973	596	5,318	152	4,641	6	1,719	327	2,003	128	1,106	77	395	319	1,253
2016	서초구	서초3동	7,466	1,779	74,335	45,737	28,598	1	2	-	-	125	1,134	1	1	1	29	219	7,405	1,340	9,476	149	1,285	1,028	4,734	444	8,195	147	2,417	457	2,454	2,286	15,934	214	6,734	13	6,204	222	2,946	135	1,214	240	2,000	444	2,171
2016	서초구	서초4동	2,916	929	27,163	13,545	13,618	-	-	-	-	25	162	-	-	-	-	39	2,655	508	5,125	28	167	523	3,387	72	626	71	852	249	1,129	598	3,701	86	3,551	2	24	214	2,155	251	2,692	76	250	174	687
2016	서초구	잠원동	2,273	793	16,956	10,207	6,749	-	-	1	5	71	645	-	-	2	4	80	3,769	426	2,866	63	239	411	1,924	164	1,850	35	313	199	804	271	1,817	69	597	2	20	136	677	101	757	76	256	166	413
2016	서초구	반포본동	677	369	2,727	1,229	1,498	-	-	-	-	13	31	-	-	-	-	11	15	246	498	4	4	108	330	7	183	6	63	43	317	9	55	6	55	3	92	115	876	19	76	13	29	74	103
2016	서초구	반포1동	1,517	572	8,836	4,680	4,156	-	-	-	-	18	103	-	-	-	-	45	1,037	325	1,481	25	49	270	837	62	602	34	335	147	575	161	1,282	30	426	1	24	82	673	96	724	56	234	165	454
2016	서초구	반포2동	452	207	2,841	1,360	1,481	-	-	-	-	5	10	-	-	1	2	17	264	87	231	12	33	45	187	6	74	11	104	68	452	11	62	6	69	3	204	74	591	34	192	11	152	61	214
2016	서초구	반포3동	922	383	7,073	3,368	3,705	-	-	-	-	9	37	1	5	-	-	13	770	246	934	5	36	135	1,150	11	30	16	144	109	1,002	32	196	12	804	1	15	130	698	93	818	22	126	87	308
2016	서초구	반포4동	3,594	1,640	32,423	16,432	15,991	-	-	-	-	84	185	1	2	1	60	37	2,601	1,847	7,281	60	2,862	556	5,121	61	913	48	532	142	658	173	2,100	43	1,318	7	273	219	2,012	65	4,795	67	752	183	958
2016	서초구	방배본동	1,670	635	10,580	5,883	4,697	-	-	-	-	53	152	-	-	-	-	91	522	464	1,943	47	166	293	1,091	66	901	12	215	96	600	124	1,604	28	1,989	2	48	104	364	43	347	68	201	179	437
2016	서초구	방배1동	1,767	610	14,930	8,578	6,352	-	-	-	-	44	208	-	-	2	8	82	3,824	406	2,071	54	70	285	1,030	96	696	23	559	138	401	174	1,421	38	2,798	1	15	94	446	77	429	87	227	166	727
2016	서초구	방배2동	1,957	650	17,422	9,673	7,749	-	-	-	-	69	177	-	-	-	-	128	2,299	415	2,892	137	1,185	363	1,636	67	885	63	1,105	144	492	140	999	42	2,914	4	625	87	670	60	459	60	154	178	930
2016	서초구	방배3동	1,222	397	13,934	9,392	4,542	-	-	-	-	40	121	3	6	3	27	77	3,902	281	1,690	72	398	111	413	74	984	21	424	105	526	93	1,109	28	1,061	4	113	80	1,406	42	866	26	66	162	822
2016	서초구	방배4동	2,384	791	14,073	7,874	6,199	-	-	-	-	102	394	-	-	1	1	148	1,542	546	2,696	85	308	294	845	105	1,206	43	621	193	816	236	1,710	51	1,441	1	23	147	974	128	789	62	212	242	495
2016	서초구	양재1동	3,631	1,078	46,647	30,957	15,690	-	-	-	-	100	850	1	8	2	53	201	9,854	817	4,883	237	585	565	2,273	227	3,330	42	424	239	1,908	461	11,141	90	6,386	5	536	149	1,563	135	1,235	98	236	262	1,382
2016	서초구	양재2동	5,257	1,397	50,006	34,348	15,658	1	7	-	-	160	949	1	1	2	13	390	7,648	2,117	10,732	213	891	615	2,434	273	3,690	58	469	245	1,325	492	14,120	113	5,185	3	36	89	644	57	382	119	350	309	1,130
2016	서초구	내곡동	667	198	9,411	6,724	2,687	1	2	-	-	9	48	-	-	-	-	29	3,794	285	1,007	97	694	64	290	7	84	6	19	36	87	22	335	5	714	5	1,147	21	250	43	744	7	32	30	164
2016	강남구	소계	72,281	22,510	689,623	391,985	297,638	3	13	4	7	1,747	15,731	22	1,056	26	815	2,147	55,108	17,481	137,109	3,125	11,543	10,860	55,535	4,676	59,587	1,844	33,534	5,834	32,925	9,187	107,792	1,688	74,702	56	5,905	3,765	28,713	2,962	38,269	1,709	8,245	5,145	23,034
2016	강남구	신사동	4,503	1,677	27,741	13,236	14,505	-	-	-	-	260	1,019	1	6	-	-	95	1,350	1,122	6,017	44	179	832	4,454	211	2,280	32	269	255	1,212	586	3,952	74	1,146	2	46	254	1,254	351	3,216	87	375	297	966
2016	강남구	논현1동	5,788	1,697	44,157	23,364	20,793	-	-	-	-	162	1,363	-	-	-	-	180	2,797	1,435	9,528	100	331	796	3,893	494	5,077	96	1,736	459	1,872	960	7,224	182	4,907	2	66	127	780	234	2,505	141	604	420	1,474
2016	강남구	논현2동	5,656	1,646	60,642	35,500	25,142	-	-	1	3	174	1,608	-	-	1	1	197	7,020	1,210	11,337	198	1,711	933	4,629	490	5,904	119	1,791	416	2,329	995	11,168	150	7,172	4	593	127	1,003	176	1,711	118	623	347	2,039
2016	강남구	삼성1동	4,330	1,228	66,958	39,864	27,094	1	1	-	-	86	940	2	11	1	19	103	3,134	1,462	21,452	116	780	711	5,337	290	8,843	133	1,820	288	2,581	540	8,983	145	7,360	5	707	83	872	95	1,525	75	1,412	194	1,181
2016	강남구	삼성2동	3,734	1,102	38,887	23,630	15,257	-	-	1	1	91	437	-	-	1	56	135	2,354	777	5,951	69	526	508	2,183	304	4,506	160	3,137	405	1,818	553	5,245	106	6,884	4	2,168	151	1,072	109	1,244	77	324	283	981
2016	강남구	대치1동	1,066	442	7,154	3,338	3,816	-	-	-	-	10	27	-	-	-	-	20	106	163	515	13	17	155	921	4	13	29	347	107	368	12	481	5	16	3	165	322	3,023	100	691	33	141	90	323
2016	강남구	대치4동	3,716	1,231	27,829	15,600	12,229	-	-	-	-	67	219	1	190	3	166	77	827	796	6,239	54	319	653	2,979	177	1,949	92	2,649	331	2,289	300	3,572	63	1,005	2	101	550	2,726	121	1,151	115	411	314	1,037
2016	강남구	역삼1동	15,079	4,125	147,157	85,638	61,519	-	-	1	1	167	1,336	5	179	4	88	366	11,693	3,329	25,779	166	1,432	2,424	12,581	1,456	14,699	569	11,606	1,288	7,358	2,639	32,872	432	10,773	8	731	545	4,130	415	5,516	331	1,326	934	5,057
2016	강남구	역삼2동	3,416	980	38,937	21,802	17,135	-	-	-	-	65	1,704	-	-	1	1	122	2,988	751	6,049	84	712	456	1,699	265	3,127	149	3,368	380	2,668	476	5,325	109	8,031	2	64	131	997	119	1,106	93	306	213	792
2016	강남구	도곡1동	1,614	500	17,135	10,278	6,857	-	-	-	-	29	97	1	81	-	-	54	2,518	357	2,143	50	164	236	1,016	113	1,217	38	568	156	683	162	3,298	41	949	-	-	99	706	103	2,950	42	250	133	495
2016	강남구	도곡2동	1,926	651	22,629	13,292	9,337	-	-	-	-	50	1,699	4	146	1	13	88	3,093	530	3,259	37	579	276	1,261	129	3,047	58	977	162	1,369	207	2,531	31	2,714	1	19	112	937	59	319	59	241	122	425
2016	강남구	개포1동	503	185	1,616	1,040	576	-	-	-	-	8	13	-	-	1	2	22	70	103	233	154	566	25	51	6	23	2	22	60	255	8	13	-	-	1	14	28	208	12	49	3	9	70	88
2016	강남구	개포4동	2,221	574	12,024	7,958	4,066	-	-	-	-	79	301	-	-	-	-	219	2,852	739	2,923	154	413	210	575	78	554	7	53	113	650	229	1,454	36	306	3	91	63	403	61	687	73	225	157	537
2016	강남구	일원본동	564	228	8,402	2,539	5,863	-	-	-	-	3	7	-	-	-	-	15	71	93	365	117	136	57	393	9	12	7	53	56	254	17	35	3	18	2	53	66	676	41	6,094	11	62	67	173
2016	강남구	일원1동	1,870	335	7,340	4,389	2,951	-	-	-	-	26	65	2	143	2	74	54	1,474	201	613	1,022	1,038	181	612	17	105	6	45	34	80	36	270	24	1,360	2	58	51	426	58	473	54	166	100	338
2016	강남구	일원2동	636	222	10,125	7,362	2,763	-	-	-	-	8	14	3	275	2	136	25	198	167	753	85	216	73	274	11	599	6	63	49	969	29	269	12	4,680	2	476	42	273	45	663	15	94	62	173
2016	강남구	수서동	1,584	371	15,857	9,806	6,051	2	12	-	-	37	229	1	12	1	3	92	3,541	527	3,573	145	793	177	757	81	482	14	214	93	463	157	1,485	48	2,571	2	53	38	484	55	632	25	238	89	315
2016	강남구	세곡동	950	315	5,285	3,016	2,269	-	-	-	-	6	86	-	-	1	10	18	107	204	1,175	244	750	128	468	8	20	15	95	75	239	19	439	6	12	2	54	67	702	71	859	20	74	66	195
2016	강남구	압구정동	4,314	1,669	29,474	13,011	16,463	-	-	-	-	136	1,000	-	-	1	1	50	536	1,293	7,393	45	108	681	3,802	158	1,465	79	931	257	1,227	418	4,327	54	918	2	52	286	2,187	339	2,894	107	377	408	2,256
2016	강남구	청담동	4,497	1,787	39,652	20,141	19,511	-	-	-	-	194	2,030	-	-	6	245	110	3,602	1,166	8,528	70	219	675	4,493	173	2,297	88	1,388	485	1,809	511	5,043	87	2,103	3	241	163	1,309	243	2,755	105	502	418	3,088
2016	강남구	대치2동	3,468	1,195	57,241	35,826	21,415	-	-	1	2	73	1,508	2	13	-	-	88	4,724	887	12,861	70	448	532	2,739	189	3,338	137	2,348	285	2,175	309	9,679	73	11,763	3	138	351	3,353	112	877	94	391	262	884
2016	강남구	개포2동	846	350	3,381	1,355	2,026	-	-	-	-	16	29	-	-	-	-	17	53	169	423	88	106	141	418	13	30	8	54	80	257	24	127	7	14	1	15	109	1,192	43	352	31	94	99	217
2016	송파구	소계	45,555	15,376	312,661	185,579	127,082	5	284	2	7	1,456	8,861	10	53	28	577	1,881	41,653	13,672	56,257	5,646	14,878	6,709	26,862	720	20,701	477	8,203	2,555	13,476	2,010	23,230	612	30,803	69	5,538	2,287	17,998	1,639	22,319	1,546	8,156	4,231	12,805
2016	송파구	풍납1동	770	309	2,443	1,108	1,335	-	-	-	-	41	312	-	-	-	-	22	90	185	375	128	290	136	249	2	8	9	172	34	78	14	35	6	85	2	15	33	189	29	256	25	47	104	242
2016	송파구	풍납2동	1,182	427	15,395	6,295	9,100	-	-	-	-	42	403	4	28	2	6	39	421	246	1,021	184	521	144	498	5	14	8	89	79	199	81	506	20	1,203	4	337	92	1,362	61	8,392	41	116	130	279
2016	송파구	거여1동	881	278	3,041	1,597	1,444	-	-	-	-	51	126	2	4	1	2	37	203	196	852	197	233	126	291	8	36	-	-	33	103	15	105	13	144	1	15	38	301	36	373	30	62	97	191
2016	송파구	거여2동	951	313	4,152	2,269	1,883	-	-	-	-	38	135	-	-	-	-	28	122	152	351	235	760	126	344	3	9	4	49	62	153	16	500	18	102	3	83	52	330	60	922	44	99	110	193
2016	송파구	마천1동	948	317	2,165	1,166	999	-	-	-	-	47	143	-	-	-	-	19	46	168	339	296	483	147	235	1	5	1	8	46	101	2	4	3	26	3	48	27	188	39	257	21	88	128	194
2016	송파구	마천2동	1,373	492	4,414	2,386	2,028	-	-	-	-	101	347	-	-	-	-	46	158	343	884	306	745	187	414	6	71	7	90	50	111	9	121	5	19	3	201	47	189	73	678	33	55	157	331
2016	송파구	방이1동	1,326	504	12,889	8,779	4,110	-	-	-	-	51	605	-	-	-	-	73	4,597	255	1,685	77	210	253	999	13	63	9	72	77	590	57	839	19	977	2	75	186	1,193	49	267	58	179	147	538
2016	송파구	방이2동	2,969	964	22,135	12,712	9,423	-	-	-	-	88	697	1	1	-	-	148	2,142	704	3,907	188	457	714	2,726	92	1,450	41	586	199	655	234	1,715	59	4,393	1	19	82	661	78	770	114	233	226	1,723
2016	송파구	오륜동	516	234	4,514	2,407	2,107	1	6	-	-	5	9	-	-	1	3	16	60	195	374	9	27	52	585	2	60	10	112	27	137	4	31	8	320	3	263	27	1,146	18	98	68	1,063	70	220
2016	송파구	오금동	2,427	754	16,661	10,143	6,518	-	-	-	-	151	954	-	-	1	14	174	1,927	576	2,937	409	1,041	299	954	27	739	11	94	110	447	54	983	32	3,643	2	49	196	1,326	64	597	79	305	242	651
2016	송파구	송파1동	2,487	766	13,710	8,536	5,174	-	-	-	-	81	267	-	-	2	87	138	4,684	507	1,620	524	616	312	957	51	529	25	188	122	426	155	891	51	822	2	17	111	676	70	1,162	92	187	244	581
2016	송파구	송파2동	936	380	6,088	3,720	2,368	-	-	-	-	22	78	-	-	-	-	36	549	230	1,556	89	97	138	387	7	54	4	52	74	274	22	1,149	9	259	1	18	117	1,010	47	189	28	77	112	339
2016	송파구	석촌동	2,663	935	13,767	8,085	5,682	1	113	1	6	114	592	-	-	-	-	149	2,864	655	2,003	229	314	490	1,243	52	300	31	538	173	476	121	1,311	40	1,254	3	34	113	682	96	925	115	237	280	875
2016	송파구	삼전동	2,050	733	14,868	10,358	4,510	1	159	-	-	71	525	-	-	1	42	95	5,033	443	1,829	213	528	344	1,126	30	218	9	73	124	478	77	545	16	1,636	3	109	162	982	85	681	91	212	285	692
2016	송파구	가락본동	3,598	1,087	28,777	16,951	11,826	-	-	-	-	126	1,062	1	7	3	108	236	4,291	1,104	5,402	170	340	583	2,013	119	2,197	46	596	207	1,127	255	2,749	87	3,804	5	987	98	1,120	95	1,821	199	451	264	702
2016	송파구	가락1동	2,865	701	10,639	7,514	3,125	1	5	-	-	11	39	-	-	3	29	1	4	2,666	8,853	12	45	67	295	2	10	6	67	5	381	19	83	3	534	2	43	-	-	10	67	-	-	57	184
2016	송파구	가락2동	1,909	710	10,539	5,937	4,602	-	-	-	-	79	341	-	-	2	33	123	1,312	436	2,263	180	285	242	819	35	402	15	175	117	564	70	784	18	679	3	452	163	863	96	760	83	217	247	590
2016	송파구	문정1동	1,381	491	8,917	5,382	3,535	-	-	1	1	60	326	-	-	1	8	93	1,255	380	1,619	132	799	188	531	17	151	6	51	103	602	57	397	20	1,995	1	14	68	369	48	352	47	112	159	335
2016	송파구	문정2동	3,823	917	24,211	16,452	7,759	-	-	-	-	112	965	-	-	4	117	152	3,375	1,314	5,273	862	1,665	306	1,467	123	1,421	28	241	217	1,516	357	4,496	70	2,332	3	410	54	209	45	206	37	135	139	383
2016	송파구	장지동	1,426	469	10,324	6,600	3,724	-	-	-	-	39	155	-	-	2	32	70	735	232	896	309	2,324	193	563	10	146	5	43	97	1,638	54	1,019	12	480	3	94	103	1,015	92	575	47	176	158	433
2016	송파구	위례동	329	145	2,815	1,925	890	-	-	-	-	1	3	-	-	1	58	-	-	48	171	63	1,501	79	374	-	-	3	29	52	145	3	6	-	-	2	11	30	346	15	80	5	13	27	78
2016	송파구	잠실본동	3,149	1,158	22,442	12,979	9,463	-	-	-	-	79	377	1	1	1	4	94	3,479	702	2,973	119	334	794	3,381	69	1,047	39	470	198	1,195	157	1,910	44	3,761	4	47	154	862	148	1,049	209	619	337	933
2016	송파구	잠실4동	503	250	2,071	781	1,290	-	-	-	-	7	20	-	-	3	34	9	57	93	256	56	68	59	256	2	16	6	54	63	258	9	23	-	-	2	45	58	508	63	292	11	27	62	157
2016	송파구	잠실6동	2,493	765	39,676	24,577	15,099	1	1	-	-	20	337	1	12	-	-	40	4,029	730	5,032	543	851	364	3,116	36	11,725	114	3,924	87	1,075	141	2,951	45	2,137	2	1,834	93	434	82	802	25	322	169	1,094
2016	송파구	잠실7동	199	104	1,194	538	656	-	-	-	-	2	5	-	-	-	-	8	108	65	104	4	22	21	59	2	3	4	43	21	89	1	2	2	160	1	11	21	410	7	23	4	16	36	139
2016	송파구	잠실2동	821	387	4,616	2,155	2,461	-	-	-	-	3	11	-	-	-	-	16	66	231	673	57	234	113	459	2	12	15	115	73	289	9	29	6	26	4	208	90	1,028	60	352	22	783	120	331
2016	송파구	잠실3동	1,580	786	10,198	4,227	5,971	-	-	-	-	14	27	-	-	-	-	19	46	816	3,009	55	88	232	2,521	4	15	21	272	105	369	17	46	6	12	4	99	72	599	73	373	18	2,325	124	397
2016	강동구	소계	30,268	10,619	141,100	75,794	65,306	5	75	1	9	1,582	6,244	4	325	13	257	1,062	16,358	7,122	25,087	5,689	9,965	4,869	15,387	255	2,437	285	4,597	1,652	4,838	612	5,631	346	9,851	46	2,992	1,475	10,803	1,183	15,262	910	3,197	3,157	7,785
2016	강동구	강일동	946	285	15,030	11,419	3,611	-	-	-	-	15	77	-	-	1	41	15	6,158	138	644	347	2,112	93	462	8	357	10	75	52	195	15	2,414	8	644	2	56	75	724	77	606	18	272	72	193
2016	강동구	상일동	1,018	284	5,201	2,383	2,818	1	5	-	-	64	173	-	-	1	6	39	201	198	647	281	328	160	478	3	10	5	28	60	163	17	93	9	93	1	17	44	920	24	1,742	26	157	85	140
2016	강동구	명일1동	1,681	755	6,083	2,452	3,631	-	-	-	-	47	140	-	-	-	-	28	143	456	1,218	164	188	335	940	4	12	14	132	84	227	20	98	12	381	3	47	129	607	109	1,155	79	222	197	573
2016	강동구	명일2동	1,151	490	4,698	2,048	2,650	-	-	-	-	34	87	-	-	-	-	31	118	318	1,113	62	66	163	730	12	198	8	91	74	335	17	67	6	15	2	52	205	1,032	57	359	50	141	112	294
2016	강동구	고덕1동	610	227	1,993	981	1,012	1	2	-	-	26	57	-	-	-	-	21	82	100	237	158	182	73	145	5	9	2	11	54	126	7	12	3	27	3	88	48	588	25	273	14	49	70	105
2016	강동구	고덕2동	1,786	223	3,245	2,267	978	-	-	-	-	24	98	1	3	2	58	11	53	132	320	1,351	1,448	99	258	2	2	3	14	28	38	1	2	3	8	1	16	18	438	18	177	16	165	76	147
2016	강동구	암사2동	864	319	5,139	2,541	2,598	-	-	-	-	38	164	-	-	-	-	35	919	162	1,001	181	513	132	481	4	13	3	40	59	131	11	64	5	693	2	56	71	497	49	284	28	98	84	185
2016	강동구	암사3동	609	225	2,009	918	1,091	-	-	-	-	27	81	1	112	-	-	15	71	137	392	167	171	46	124	3	8	1	12	31	98	7	21	1	1	2	75	62	475	30	208	7	28	72	132
2016	강동구	천호1동	1,529	502	5,643	2,690	2,953	-	-	-	-	113	442	-	-	-	-	57	339	316	933	368	683	202	669	9	133	10	150	79	218	15	94	20	316	3	26	62	672	60	535	37	119	178	314
2016	강동구	천호3동	1,863	680	7,584	4,096	3,488	-	-	-	-	64	175	-	-	1	16	65	315	509	1,188	253	461	330	964	23	94	31	498	123	376	38	103	29	1,707	3	66	44	188	60	646	52	113	238	674
2016	강동구	성내1동	2,105	633	18,175	10,883	7,292	-	-	1	9	212	1,180	1	114	3	25	134	3,574	549	2,840	170	270	314	981	46	465	23	268	103	262	151	861	46	2,327	6	1,946	71	1,006	56	949	58	233	161	865
2016	강동구	성내2동	1,978	763	7,625	3,534	4,091	-	-	-	-	142	476	-	-	1	6	69	500	451	1,295	221	520	359	1,122	17	88	39	988	123	287	44	160	33	337	2	42	68	249	84	828	67	159	258	568
2016	강동구	성내3동	2,461	917	9,455	4,924	4,531	2	48	-	-	140	557	-	-	1	49	80	596	618	2,292	219	318	502	1,549	26	255	22	209	140	308	71	363	28	879	1	22	139	501	103	641	100	261	269	607
2016	강동구	둔촌1동	408	170	1,371	794	577	-	-	-	-	5	30	1	96	-	-	9	13	105	205	115	136	13	27	-	-	2	19	53	283	2	2	1	3	2	17	34	362	7	46	4	67	55	65
2016	강동구	둔촌2동	1,637	554	9,468	4,832	4,636	-	-	-	-	91	360	-	-	-	-	80	660	354	2,434	264	608	252	874	12	68	13	193	101	301	38	343	16	90	2	56	84	612	57	2,297	54	128	219	444
2016	강동구	암사1동	1,927	700	5,510	2,859	2,651	-	-	-	-	138	519	-	-	-	-	75	425	415	1,133	418	628	296	668	4	19	6	120	90	217	14	37	16	103	2	47	75	274	67	686	62	168	249	466
2016	강동구	천호2동	3,707	1,471	14,190	6,739	7,451	-	-	-	-	210	676	-	-	1	1	122	564	1,268	4,309	367	520	694	2,291	36	252	31	516	163	577	52	330	62	1,014	3	99	99	609	152	1,151	109	459	338	822
2016	강동구	길동	3,988	1,421	18,681	9,434	9,247	1	20	-	-	192	952	-	-	2	55	176	1,627	896	2,886	583	813	806	2,624	41	454	62	1,233	235	696	92	567	48	1,213	6	264	147	1,049	148	2,679	129	358	424	1,191